1001	11.06
1002	7.187
1003	7.891
1004	2.496
1005	5.427
1006	13.56
1007	8.715
1008	8.559
1009	8.979
1010	4.923
1011	9.455
1012	20.85
1013	20.35
1014	9.013
1015	4.399
1016	11.39
1017	9.855
1018	8.152
1019	6.414
1020	16.78
1021	13.44
1022	10.53
1023	1.888
1024	5.331
1025	4.815
1026	7.285
1027	8.504
1028	7.585
1029	7.077
1030	6.405
1031	7.371
1032	11.24
1033	26.28
1034	11.2
1035	-2.45
1036	0.168
1037	0.3152
1038	5.57
1039	8.286
1040	15.42
1041	8.793
1042	14.92
1043	14.9
1044	12.24
1045	8.23
1046	6.236
1047	3.301
1048	12.53
1049	3.365
1050	10.6
1051	5.838
1052	5.691
1053	-1.337
1054	5.825
1055	15.16
1056	8.545
1057	6.029
1058	3.617
1059	17.47
1060	14.32
1061	13.68
1062	13.11
1063	6.485
1064	2.764
1065	3.549
1066	2.624
1067	-0.1089
1068	8.936
1069	1.761
1070	0.8787
1071	11.43
1072	5.159
1073	12.42
1074	12.15
1075	12.19
1076	11.97
1077	10.69
1078	11.49
1079	4.693
1080	3.907
1081	14.86
1082	13.39
1083	14.54
1084	4.583
1085	5.839
1086	6.941
1087	6.794
1088	5.814
1089	3.835
1090	13.49
1091	9.212
1092	17.05
1093	13.03
1094	7.688
1095	2.923
1096	10.5
1097	0.5772
1098	11.56
1099	5.195
1100	4.992
1101	7.322
1102	12.95
1103	-2.369
1104	13.31
1105	7.041
1106	12.7
1107	7.285
1108	4.147
1109	9.037
1110	15.69
1111	8.548
1112	8.87
1113	8.891
1114	10.59
1115	8.238
1116	8.845
1117	2.008
1118	8.688
1119	3.874
1120	5.515
1121	8.271
1122	7.085
1123	9.185
1124	-1.656
1125	12.51
1126	6.439
1127	18.33
1128	3.143
1129	2.981
1130	6.628
1131	6.453
1132	10.91
1133	5.797
1134	7.454
1135	18.34
1136	12.67
1137	8.464
1138	13.04
1139	0.05251
1140	6.917
1141	7.099
1142	5.189
1143	4.777
1144	0.9145
1145	12.54
1146	15.43
1147	9.193
1148	10.36
1149	8.511
1150	4.259
1151	14.6
1152	21.53
1153	8.488
1154	5.375
1155	6.975
1156	2.737
1157	0.1471
1158	-6.326
1159	-2.938
1160	2.044
1161	-1.282
1162	7.498
1163	5.375
1164	5.989
1165	5.984
1166	8.917
1167	9.114
1168	9.163
1169	9.282
1170	9.359
1171	8.982
1172	10.52
1173	9.466
1174	14.66
1175	2.298
1176	15.1
1177	8.536
1178	11.28
1179	4.831
1180	3.47
1181	5.077
1182	2.85
1183	5.819
1184	13.19
1185	7.51
1186	21.89
1187	10.81
1188	-14.24
1189	8.405
1190	9.161
1191	4.082
1192	10.55
1193	1.33
1194	2.996
1195	3.523
1196	5.659
1197	0.3168
1198	5.713
1199	6.581
1200	8.131
1201	11.01
1202	6.728
1203	10.59
1204	20.59
1205	19.2
1206	17.47
1207	14.24
1208	6.768
1209	8.313
1210	11.65
1211	3.096
1212	5.534
1213	4.239
1214	5.208
1215	4.693
1216	6.66
1217	8.832
1218	9.693
1219	4.298
1220	7.589
1221	-4.011
1222	7.136
1223	10.92
1224	10.59
1225	1.932
1226	8.993
1227	8.175
1228	18.68
1229	6.001
1230	2.691
1231	3.395
1232	7.008
1233	10.98
1234	7.596
1235	9.841
1236	8.338
1237	13.98
1238	15.37
1239	6.485
1240	6.832
1241	6.39
1242	11.04
1243	10.06
1244	12.02
1245	11.37
1246	9.136
1247	7.812
1248	7.397
1249	6.425
1250	14.58
1251	9.203
1252	9.612
1253	16.04
1254	0.6325
1255	14.14
1256	4.979
1257	16.87
1258	11.59
1259	10.46
1260	10.25
1261	10.89
1262	10.83
1263	8.579
1264	7.503
1265	-5.567
1266	3.766
1267	7.197
1268	12.55
1269	7.569
1270	2.785
1271	-2.385
1272	-0.8921
1273	-0.8975
1274	14.19
1275	11.35
1276	5.233
1277	6.677
1278	8.4
1279	9.075
1280	11.93
1281	10.22
1282	6.316
1283	6.077
1284	2.886
1285	6.189
1286	12.72
1287	17.57
1288	13.97
1289	6.873
1290	4.684
1291	11.14
1292	7.044
1293	0.8971
1294	10.51
1295	8.991
1296	9.583
1297	10.15
1298	0.9194
1299	11.64
1300	9.47
1301	4.111
1302	2.713
1303	21.14
1304	4.059
1305	-3.572
1306	11.15
1307	10.81
1308	6.085
1309	10.52
1310	7.085
1311	13.5
1312	9.13
1313	10.19
1314	9.239
1315	3.97
1316	8.496
1317	5.411
1318	12.83
1319	14.09
1320	14.59
1321	14.13
1322	11.44
1323	9.6
1324	24.69
1325	5.237
1326	2.172
1327	9.25
1328	5.321
1329	3.991
1330	16.67
1331	3.922
1332	4.503
1333	7.355
1334	7.404
1335	7.372
1336	7.475
1337	7.455
1338	7.512
1339	6.335
1340	6.086
1341	6.74
1342	7.659
1343	8.089
1344	11.1
1345	9.128
1346	17.12
1347	12.43
1348	12.88
1349	8.596
1350	6.809
1351	3.583
1352	7.8
1353	8.424
1354	8.975
1355	8.912
1356	8.884
1357	9.06
1358	8.839
1359	7.915
1360	6.273
1361	13.6
1362	12.23
1363	15.77
1364	12.59
1365	11.34
1366	11.17
1367	7.619
1368	10.07
1369	11.4
1370	8.614
1371	10.02
1372	5.111
1373	5.89
1374	7.43
1375	7.506
1376	7.541
1377	7.734
1378	7.668
1379	7.666
1380	7.828
1381	8.126
1382	8.102
1383	7.813
1384	7.404
1385	7.419
1386	7.235
1387	7.762
1388	3.642
1389	8.579
1390	1.519
1391	11.98
1392	18.57
1393	5.482
1394	6.448
1395	5.783
1396	9.792
1397	10.12
1398	8.783
1399	-1.892
1400	11.7
1401	15.13
1402	4.387
1403	12.76
1404	14.79
1405	2.773
1406	8.221
1407	9.322
1408	10.58
1409	10.71
1410	10.81
1411	12.46
1412	12.71
1413	11.84
1414	11.81
1415	11.5
1416	9.828
1417	11.31
1418	-0.3141
1419	9.463
1420	5.02
1421	5.731
1422	6.369
1423	7.344
1424	14.41
1425	14.79
1426	6.648
1427	11.11
1428	7.946
1429	-0.6123
1430	12.28
1431	0.9808
1432	5.437
1433	16.0
1434	12.96
1435	5.494
1436	19.2
1437	12.5
1438	6.228
1439	6.57
1440	7.436
1441	-0.7311
1442	9.486
1443	9.497
1444	9.293
1445	12.39
1446	11.18
1447	15.92
1448	8.896
1449	3.09
1450	2.297
1451	8.674
1452	16.61
1453	15.03
1454	17.63
1455	13.84
1456	16.2
1457	8.713
1458	6.674
1459	15.55
1460	0.1433
1461	9.052
1462	3.373
1463	-2.001
1464	16.55
1465	11.57
1466	-5.133
1467	6.437
1468	-2.0
1469	-0.8071
1470	4.503
1471	19.1
1472	16.74
1473	-4.245
1474	12.21
1475	1.148
1476	-0.05913
1477	5.577
1478	5.765
1479	7.47
1480	6.947
1481	7.034
1482	6.926
1483	7.807
1484	10.69
1485	9.155
1486	4.682
1487	7.617
1488	0.8544
1489	7.71
1490	8.338
1491	11.07
1492	3.929
1493	6.99
1494	4.887
1495	5.485
1496	9.869
1497	4.158
1498	1.122
1499	10.78
1500	9.328
1001	1.299
1002	4.517
1003	2.556
1004	9.113
1005	8.667
1006	7.703
1007	6.327
1008	6.183
1009	4.575
1010	16.07
1011	8.538
1012	21.62
1013	14.87
1014	7.482
1015	4.086
1016	1.468
1017	0.662
1018	1.392
1019	7.094
1020	4.71
1021	2.159
1022	2.044
1023	4.736
1024	0.1901
1025	0.6734
1026	0.824
1027	3.326
1028	2.97
1029	0.4269
1030	0.1072
1031	1.134
1032	2.735
1033	25.08
1034	12.47
1035	1.559
1036	4.514
1037	1.834
1038	10.74
1039	8.023
1040	8.955
1041	1.847
1042	7.774
1043	8.264
1044	2.902
1045	9.538
1046	2.815
1047	10.78
1048	6.99
1049	4.98
1050	17.05
1051	6.194
1052	3.064
1053	6.507
1054	16.16
1055	19.18
1056	6.369
1057	4.399
1058	3.763
1059	2.926
1060	0.927
1061	1.029
1062	4.049
1063	4.257
1064	8.117
1065	1.154
1066	7.116
1067	3.343
1068	16.06
1069	1.421
1070	5.639
1071	6.141
1072	2.019
1073	1.208
1074	0.3988
1075	0.2429
1076	1.427
1077	6.853
1078	5.498
1079	4.486
1080	9.45
1081	4.305
1082	1.166
1083	4.949
1084	1.299
1085	0.3213
1086	0.9754
1087	1.38
1088	2.544
1089	7.616
1090	9.716
1091	4.67
1092	5.742
1093	14.17
1094	4.423
1095	33.26
1096	10.92
1097	11.58
1098	13.07
1099	6.352
1100	3.681
1101	0.8433
1102	5.648
1103	11.58
1104	8.518
1105	6.016
1106	18.2
1107	4.452
1108	13.71
1109	28.16
1110	8.307
1111	5.376
1112	3.588
1113	4.859
1114	10.42
1115	10.04
1116	5.163
1117	2.52
1118	6.514
1119	3.087
1120	4.865
1121	2.685
1122	9.795
1123	6.41
1124	5.583
1125	4.785
1126	8.235
1127	3.529
1128	3.29
1129	4.665
1130	18.59
1131	5.636
1132	6.395
1133	1.983
1134	3.08
1135	6.417
1136	17.46
1137	13.75
1138	7.257
1139	18.47
1140	9.597
1141	5.024
1142	2.855
1143	9.139
1144	12.34
1145	19.64
1146	19.54
1147	13.11
1148	11.95
1149	7.347
1150	11.77
1151	19.26
1152	10.63
1153	9.407
1154	1.152
1155	1.249
1156	3.114
1157	2.87
1158	1.867
1159	1.721
1160	2.693
1161	7.167
1162	9.417
1163	12.67
1164	2.048
1165	2.461
1166	0.6545
1167	0.7869
1168	0.6639
1169	0.1352
1170	0.1816
1171	0.5815
1172	2.011
1173	1.833
1174	3.48
1175	7.317
1176	12.04
1177	1.97
1178	1.603
1179	2.421
1180	0.5401
1181	5.581
1182	7.834
1183	6.286
1184	1.325
1185	12.34
1186	13.48
1187	5.057
1188	15.6
1189	12.82
1190	5.943
1191	4.444
1192	0.8698
1193	1.525
1194	1.301
1195	0.6266
1196	1.941
1197	4.28
1198	1.154
1199	1.148
1200	6.667
1201	2.075
1202	6.508
1203	5.791
1204	1.891
1205	0.8815
1206	2.001
1207	3.595
1208	2.723
1209	7.937
1210	10.99
1211	0.9319
1212	0.497
1213	0.2676
1214	1.686
1215	2.877
1216	4.188
1217	2.184
1218	12.18
1219	13.94
1220	11.87
1221	27.79
1222	12.31
1223	8.58
1224	6.671
1225	14.9
1226	7.445
1227	6.136
1228	5.382
1229	16.26
1230	5.142
1231	2.34
1232	0.785
1233	4.493
1234	9.714
1235	10.3
1236	16.44
1237	9.792
1238	4.057
1239	4.992
1240	1.866
1241	8.171
1242	12.98
1243	2.325
1244	0.9222
1245	1.542
1246	0.8861
1247	0.5156
1248	1.143
1249	9.513
1250	3.215
1251	2.714
1252	3.766
1253	6.574
1254	4.027
1255	3.965
1256	3.806
1257	5.869
1258	1.012
1259	0.5194
1260	0.1032
1261	0.2267
1262	0.8858
1263	1.527
1264	3.024
1265	33.53
1266	8.986
1267	3.29
1268	9.614
1269	1.134
1270	1.857
1271	1.454
1272	0.7775
1273	9.093
1274	6.443
1275	3.433
1276	6.828
1277	15.47
1278	8.272
1279	16.32
1280	10.18
1281	3.23
1282	1.33
1283	4.016
1284	3.36
1285	17.15
1286	12.8
1287	2.213
1288	3.758
1289	9.775
1290	10.65
1291	7.809
1292	6.796
1293	18.54
1294	6.046
1295	0.9747
1296	0.9518
1297	1.854
1298	5.912
1299	2.736
1300	1.709
1301	5.375
1302	4.587
1303	28.08
1304	16.0
1305	3.674
1306	6.409
1307	4.764
1308	4.185
1309	7.432
1310	13.06
1311	19.11
1312	3.933
1313	12.6
1314	15.85
1315	12.83
1316	5.075
1317	13.47
1318	2.516
1319	3.634
1320	6.874
1321	4.198
1322	9.252
1323	14.74
1324	16.41
1325	9.209
1326	10.37
1327	6.454
1328	1.534
1329	4.846
1330	4.834
1331	5.219
1332	6.249
1333	0.924
1334	0.02811
1335	0.2002
1336	0.06065
1337	0.08645
1338	0.08544
1339	1.091
1340	0.4369
1341	0.5031
1342	0.7154
1343	1.095
1344	1.648
1345	3.442
1346	6.423
1347	2.936
1348	3.139
1349	1.34
1350	12.71
1351	8.017
1352	3.376
1353	0.3326
1354	0.1329
1355	0.1435
1356	0.241
1357	0.4463
1358	0.8018
1359	3.24
1360	2.802
1361	9.556
1362	0.7113
1363	4.504
1364	2.43
1365	1.126
1366	2.354
1367	2.383
1368	1.906
1369	1.765
1370	1.998
1371	2.552
1372	1.618
1373	0.6398
1374	0.2228
1375	0.04937
1376	0.07124
1377	0.01737
1378	0.08853
1379	0.1129
1380	0.1868
1381	0.03803
1382	0.1845
1383	0.2471
1384	0.0548
1385	0.02632
1386	0.186
1387	1.777
1388	5.671
1389	6.933
1390	3.154
1391	22.31
1392	16.59
1393	10.55
1394	2.356
1395	9.354
1396	3.56
1397	11.77
1398	6.677
1399	12.49
1400	4.952
1401	21.89
1402	11.5
1403	7.475
1404	7.886
1405	6.032
1406	1.667
1407	0.9074
1408	0.3376
1409	0.3695
1410	1.222
1411	0.7565
1412	1.506
1413	0.399
1414	1.098
1415	4.297
1416	7.603
1417	2.883
1418	2.034
1419	3.421
1420	4.118
1421	1.865
1422	2.893
1423	12.78
1424	1.123
1425	2.133
1426	4.423
1427	2.465
1428	5.046
1429	11.24
1430	12.02
1431	5.634
1432	3.427
1433	8.233
1434	4.926
1435	8.334
1436	8.888
1437	8.868
1438	7.213
1439	22.7
1440	2.735
1441	20.77
1442	15.26
1443	22.51
1444	3.35
1445	0.777
1446	2.373
1447	2.392
1448	7.873
1449	8.199
1450	15.25
1451	9.528
1452	8.284
1453	6.037
1454	28.36
1455	9.216
1456	2.525
1457	1.792
1458	4.087
1459	4.365
1460	14.38
1461	6.196
1462	13.01
1463	32.83
1464	10.67
1465	15.84
1466	18.5
1467	8.713
1468	8.478
1469	6.84
1470	2.857
1471	10.75
1472	15.22
1473	25.36
1474	5.617
1475	3.886
1476	2.752
1477	1.288
1478	1.076
1479	0.3064
1480	0.1011
1481	0.02652
1482	0.05555
1483	1.738
1484	1.439
1485	5.494
1486	7.495
1487	4.141
1488	4.161
1489	11.31
1490	1.681
1491	1.726
1492	10.73
1493	8.118
1494	8.53
1495	23.08
1496	12.02
1497	2.517
1498	3.892
1499	2.664
1500	1.888
1001	11.56
1002	2.599
1003	4.383
1004	23.82
1005	11.59
1006	17.03
1007	22.0
1008	12.72
1009	4.11
1010	15.47
1011	10.33
1012	54.05
1013	35.95
1014	12.62
1015	9.661
1016	11.39
1017	10.39
1018	9.211
1019	6.357
1020	12.69
1021	14.35
1022	9.489
1023	-0.9464
1024	5.506
1025	4.547
1026	5.861
1027	10.09
1028	6.299
1029	6.8
1030	6.593
1031	6.364
1032	10.66
1033	25.34
1034	22.11
1035	-1.292
1036	0.9138
1037	0.1773
1038	0.112
1039	-0.9435
1040	33.53
1041	10.9
1042	28.5
1043	18.94
1044	10.97
1045	8.25
1046	5.15
1047	17.64
1048	11.02
1049	-0.4461
1050	27.23
1051	7.541
1052	11.19
1053	8.967
1054	20.43
1055	17.36
1056	5.893
1057	5.747
1058	1.387
1059	17.97
1060	15.32
1061	12.89
1062	10.43
1063	8.239
1064	9.294
1065	4.465
1066	6.763
1067	1.3
1068	18.58
1069	-0.3604
1070	-1.56
1071	14.27
1072	5.677
1073	12.98
1074	12.36
1075	12.08
1076	15.19
1077	13.57
1078	15.99
1079	5.275
1080	5.209
1081	23.53
1082	12.95
1083	23.7
1084	4.344
1085	6.325
1086	7.134
1087	7.584
1088	7.622
1089	10.05
1090	42.21
1091	19.15
1092	19.51
1093	12.94
1094	5.339
1095	-7.592
1096	20.82
1097	9.231
1098	34.34
1099	8.31
1100	10.04
1101	7.628
1102	22.35
1103	18.47
1104	15.18
1105	8.733
1106	18.79
1107	10.85
1108	0.8863
1109	31.51
1110	10.92
1111	7.282
1112	9.651
1113	6.888
1114	6.567
1115	9.004
1116	11.24
1117	0.6232
1118	4.084
1119	1.498
1120	7.022
1121	14.9
1122	11.9
1123	12.44
1124	2.87
1125	12.61
1126	19.68
1127	15.07
1128	1.79
1129	7.411
1130	12.08
1131	15.94
1132	11.0
1133	9.336
1134	7.545
1135	27.39
1136	31.9
1137	18.81
1138	19.18
1139	15.79
1140	4.73
1141	12.68
1142	9.539
1143	20.86
1144	7.626
1145	40.5
1146	16.17
1147	13.98
1148	21.56
1149	15.77
1150	10.13
1151	20.56
1152	8.341
1153	9.166
1154	6.542
1155	7.321
1156	0.09037
1157	1.685
1158	-6.095
1159	0.9528
1160	2.695
1161	7.332
1162	14.5
1163	25.23
1164	4.363
1165	5.523
1166	9.228
1167	9.223
1168	8.014
1169	9.434
1170	9.111
1171	8.497
1172	10.93
1173	7.637
1174	14.33
1175	15.06
1176	21.61
1177	8.825
1178	13.57
1179	9.511
1180	5.066
1181	6.617
1182	1.247
1183	12.88
1184	14.35
1185	32.73
1186	5.87
1187	10.06
1188	-6.974
1189	17.07
1190	12.59
1191	6.76
1192	9.953
1193	2.291
1194	3.627
1195	4.559
1196	7.103
1197	1.381
1198	5.918
1199	4.247
1200	10.14
1201	9.216
1202	10.84
1203	19.65
1204	17.61
1205	17.98
1206	16.96
1207	19.98
1208	6.065
1209	12.56
1210	13.53
1211	3.953
1212	5.104
1213	4.581
1214	3.832
1215	4.501
1216	6.852
1217	5.711
1218	21.66
1219	1.473
1220	20.61
1221	4.345
1222	-0.4861
1223	25.82
1224	11.11
1225	3.918
1226	4.829
1227	5.932
1228	17.35
1229	11.96
1230	-3.017
1231	8.818
1232	6.023
1233	17.42
1234	18.88
1235	13.29
1236	34.99
1237	24.3
1238	12.41
1239	7.594
1240	10.76
1241	8.603
1242	20.53
1243	15.16
1244	11.62
1245	11.35
1246	9.714
1247	8.203
1248	8.192
1249	17.19
1250	12.07
1251	9.681
1252	10.49
1253	19.7
1254	8.02
1255	10.6
1256	13.11
1257	22.96
1258	9.994
1259	11.57
1260	10.16
1261	11.11
1262	10.17
1263	9.686
1264	11.02
1265	21.13
1266	4.804
1267	-0.7096
1268	10.14
1269	7.107
1270	2.621
1271	-1.247
1272	-0.8951
1273	-6.642
1274	16.4
1275	14.1
1276	4.279
1277	16.95
1278	18.55
1279	20.21
1280	6.138
1281	12.16
1282	5.376
1283	5.184
1284	1.964
1285	22.91
1286	20.08
1287	20.07
1288	18.15
1289	-1.086
1290	13.27
1291	15.08
1292	12.14
1293	26.05
1294	17.02
1295	8.579
1296	9.188
1297	13.12
1298	7.634
1299	16.71
1300	7.627
1301	5.192
1302	4.486
1303	29.41
1304	32.38
1305	3.366
1306	21.81
1307	15.23
1308	2.718
1309	15.48
1310	39.79
1311	27.1
1312	3.738
1313	2.997
1314	-0.8228
1315	12.36
1316	1.042
1317	25.17
1318	12.99
1319	20.83
1320	11.55
1321	4.772
1322	9.924
1323	42.67
1324	35.06
1325	17.76
1326	18.09
1327	4.551
1328	4.37
1329	2.584
1330	17.59
1331	2.737
1332	2.744
1333	7.881
1334	7.373
1335	7.779
1336	7.543
1337	7.352
1338	7.493
1339	6.539
1340	5.855
1341	6.516
1342	6.976
1343	5.825
1344	6.914
1345	10.64
1346	17.9
1347	12.46
1348	17.34
1349	9.605
1350	16.93
1351	12.57
1352	7.63
1353	8.645
1354	9.162
1355	8.934
1356	8.859
1357	8.362
1358	8.121
1359	7.441
1360	5.179
1361	12.32
1362	11.73
1363	13.77
1364	16.85
1365	12.02
1366	11.6
1367	8.287
1368	11.28
1369	12.59
1370	5.179
1371	13.9
1372	4.838
1373	4.185
1374	7.578
1375	7.517
1376	7.67
1377	7.724
1378	7.572
1379	7.745
1380	8.067
1381	8.121
1382	7.921
1383	7.89
1384	7.475
1385	7.428
1386	6.975
1387	11.39
1388	3.081
1389	13.28
1390	1.971
1391	38.95
1392	23.51
1393	12.51
1394	10.11
1395	5.132
1396	10.18
1397	15.11
1398	3.972
1399	2.535
1400	11.85
1401	19.28
1402	7.042
1403	13.55
1404	11.15
1405	3.082
1406	8.608
1407	9.046
1408	10.69
1409	11.05
1410	11.9
1411	12.36
1412	14.55
1413	12.06
1414	8.825
1415	7.698
1416	11.8
1417	13.47
1418	3.936
1419	11.18
1420	6.224
1421	5.17
1422	8.171
1423	4.527
1424	14.89
1425	16.62
1426	4.02
1427	17.8
1428	9.533
1429	6.055
1430	9.735
1431	3.587
1432	7.733
1433	28.83
1434	26.23
1435	14.45
1436	22.97
1437	25.02
1438	21.95
1439	15.67
1440	9.561
1441	10.25
1442	15.03
1443	11.69
1444	13.46
1445	12.31
1446	14.47
1447	11.99
1448	15.9
1449	13.61
1450	26.89
1451	14.72
1452	24.21
1453	6.914
1454	23.27
1455	11.27
1456	20.76
1457	9.212
1458	7.379
1459	13.32
1460	16.56
1461	10.81
1462	5.514
1463	-3.964
1464	24.08
1465	38.59
1466	32.99
1467	-0.05246
1468	5.166
1469	2.435
1470	4.573
1471	14.79
1472	8.169
1473	46.26
1474	12.27
1475	2.666
1476	1.592
1477	5.461
1478	3.478
1479	7.712
1480	6.82
1481	7.003
1482	6.906
1483	9.294
1484	10.63
1485	7.93
1486	10.98
1487	6.075
1488	5.4
1489	35.11
1490	6.262
1491	14.41
1492	-3.182
1493	12.68
1494	13.72
1495	19.66
1496	10.73
1497	6.081
1498	-3.785
1499	9.104
1500	10.16
1001	9.985
1002	6.363
1003	9.943
1004	8.312
1005	-1.138
1006	8.729
1007	7.925
1008	9.779
1009	7.7
1010	4.491
1011	13.28
1012	27.49
1013	-5.055
1014	-3.071
1015	10.3
1016	11.89
1017	9.074
1018	8.15
1019	9.758
1020	11.12
1021	13.82
1022	12.64
1023	11.2
1024	5.399
1025	4.871
1026	6.821
1027	11.94
1028	8.633
1029	6.855
1030	6.289
1031	8.172
1032	10.38
1033	16.54
1034	13.65
1035	-1.004
1036	3.337
1037	0.1406
1038	6.003
1039	6.765
1040	4.678
1041	6.909
1042	7.697
1043	6.596
1044	15.35
1045	6.864
1046	1.323
1047	-4.69
1048	6.336
1049	-1.443
1050	8.123
1051	7.068
1052	2.932
1053	2.549
1054	4.396
1055	4.086
1056	14.23
1057	2.746
1058	-0.5766
1059	15.38
1060	13.29
1061	12.83
1062	8.387
1063	10.38
1064	12.81
1065	2.926
1066	0.906
1067	-0.6141
1068	15.17
1069	1.842
1070	10.4
1071	15.11
1072	3.774
1073	12.41
1074	11.56
1075	12.54
1076	12.15
1077	3.966
1078	4.816
1079	5.892
1080	14.2
1081	15.01
1082	14.62
1083	10.07
1084	6.021
1085	5.873
1086	7.121
1087	5.669
1088	8.621
1089	13.64
1090	2.6
1091	15.26
1092	16.06
1093	-0.639
1094	8.024
1095	4.674
1096	4.544
1097	-3.764
1098	9.13
1099	6.162
1100	5.119
1101	6.822
1102	0.7814
1103	12.78
1104	12.0
1105	2.12
1106	8.947
1107	6.796
1108	12.11
1109	-2.669
1110	11.36
1111	12.7
1112	4.897
1113	12.2
1114	4.241
1115	4.288
1116	7.301
1117	6.191
1118	10.75
1119	4.367
1120	6.272
1121	9.065
1122	14.86
1123	4.699
1124	-5.328
1125	11.01
1126	6.16
1127	14.32
1128	7.796
1129	5.263
1130	1.792
1131	0.8075
1132	14.82
1133	5.814
1134	10.37
1135	14.31
1136	-7.753
1137	16.73
1138	4.974
1139	2.879
1140	10.77
1141	10.28
1142	4.637
1143	0.4236
1144	17.95
1145	6.963
1146	12.8
1147	16.53
1148	10.65
1149	7.761
1150	5.774
1151	11.88
1152	23.82
1153	6.661
1154	6.881
1155	8.454
1156	2.284
1157	5.021
1158	-6.453
1159	-4.167
1160	4.72
1161	1.888
1162	9.091
1163	0.8264
1164	6.334
1165	5.556
1166	10.02
1167	8.015
1168	9.504
1169	9.045
1170	9.279
1171	9.086
1172	10.04
1173	10.6
1174	12.85
1175	4.85
1176	28.31
1177	9.647
1178	11.72
1179	4.839
1180	3.717
1181	4.522
1182	10.48
1183	9.086
1184	14.67
1185	5.024
1186	18.8
1187	12.82
1188	0.9543
1189	13.53
1190	16.91
1191	7.674
1192	9.733
1193	1.563
1194	2.103
1195	4.076
1196	5.956
1197	1.517
1198	5.257
1199	7.89
1200	5.633
1201	9.974
1202	3.027
1203	6.939
1204	20.53
1205	20.08
1206	18.04
1207	15.84
1208	6.129
1209	8.086
1210	8.258
1211	2.206
1212	5.211
1213	4.179
1214	5.508
1215	6.158
1216	14.02
1217	8.158
1218	6.838
1219	18.41
1220	20.42
1221	-6.48
1222	10.49
1223	18.78
1224	10.46
1225	-1.883
1226	4.315
1227	9.546
1228	28.58
1229	8.701
1230	6.841
1231	2.441
1232	7.58
1233	10.2
1234	2.688
1235	16.16
1236	5.584
1237	8.275
1238	15.13
1239	4.755
1240	6.844
1241	2.411
1242	22.71
1243	12.23
1244	11.72
1245	9.823
1246	10.4
1247	7.844
1248	6.434
1249	12.59
1250	23.03
1251	10.06
1252	9.275
1253	4.465
1254	-3.75
1255	17.5
1256	3.845
1257	14.57
1258	11.23
1259	10.64
1260	10.26
1261	11.42
1262	10.35
1263	8.892
1264	5.778
1265	19.05
1266	10.5
1267	5.371
1268	4.262
1269	5.59
1270	5.282
1271	-1.708
1272	-1.067
1273	10.3
1274	1.189
1275	17.42
1276	5.684
1277	-4.154
1278	24.06
1279	1.538
1280	4.257
1281	9.117
1282	8.92
1283	1.891
1284	-1.01
1285	-8.522
1286	10.17
1287	16.68
1288	14.36
1289	8.871
1290	8.627
1291	16.78
1292	3.287
1293	7.785
1294	15.98
1295	10.55
1296	10.37
1297	11.82
1298	-1.216
1299	12.65
1300	8.657
1301	4.655
1302	6.117
1303	0.1892
1304	16.56
1305	2.019
1306	17.27
1307	7.037
1308	6.117
1309	8.519
1310	12.75
1311	3.216
1312	10.05
1313	17.2
1314	7.167
1315	-0.1335
1316	4.324
1317	10.1
1318	13.29
1319	13.33
1320	17.8
1321	13.67
1322	18.76
1323	11.83
1324	2.393
1325	6.248
1326	-7.336
1327	3.706
1328	5.437
1329	8.564
1330	7.432
1331	0.2178
1332	2.854
1333	7.917
1334	7.458
1335	7.373
1336	7.461
1337	7.483
1338	7.604
1339	4.43
1340	6.432
1341	6.173
1342	8.195
1343	9.04
1344	11.68
1345	8.254
1346	16.65
1347	11.04
1348	10.44
1349	7.767
1350	4.301
1351	2.618
1352	6.289
1353	8.56
1354	8.941
1355	8.891
1356	9.485
1357	9.315
1358	10.04
1359	10.63
1360	8.118
1361	3.685
1362	10.82
1363	14.26
1364	10.91
1365	11.9
1366	9.857
1367	10.03
1368	12.76
1369	11.63
1370	7.936
1371	8.147
1372	3.698
1373	6.414
1374	7.466
1375	7.55
1376	7.502
1377	7.744
1378	7.685
1379	7.763
1380	7.771
1381	8.185
1382	8.091
1383	7.751
1384	7.399
1385	7.422
1386	7.271
1387	8.026
1388	-4.773
1389	6.993
1390	-0.9537
1391	13.73
1392	-2.248
1393	14.31
1394	7.813
1395	8.97
1396	13.08
1397	9.81
1398	1.96
1399	11.82
1400	5.017
1401	9.709
1402	11.96
1403	16.05
1404	11.31
1405	1.812
1406	8.995
1407	10.27
1408	10.52
1409	11.04
1410	10.55
1411	10.13
1412	14.43
1413	12.29
1414	9.24
1415	7.005
1416	17.3
1417	16.12
1418	1.724
1419	6.949
1420	4.783
1421	8.684
1422	10.0
1423	-3.671
1424	15.71
1425	16.3
1426	9.208
1427	16.95
1428	2.329
1429	6.353
1430	7.563
1431	0.9071
1432	0.3462
1433	9.116
1434	14.83
1435	11.63
1436	16.01
1437	0.9072
1438	11.79
1439	8.786
1440	1.546
1441	0.6114
1442	-5.981
1443	8.189
1444	4.679
1445	12.8
1446	12.23
1447	18.26
1448	10.9
1449	3.001
1450	-7.884
1451	21.53
1452	13.87
1453	11.07
1454	-1.543
1455	7.417
1456	12.76
1457	9.652
1458	10.41
1459	16.32
1460	13.39
1461	10.89
1462	-1.438
1463	-1.866
1464	16.24
1465	9.326
1466	14.73
1467	4.341
1468	-8.056
1469	5.506
1470	7.885
1471	10.61
1472	7.526
1473	5.738
1474	14.66
1475	3.127
1476	-0.4601
1477	4.075
1478	7.1
1479	7.6
1480	6.774
1481	6.996
1482	6.933
1483	12.82
1484	10.44
1485	11.27
1486	3.819
1487	6.99
1488	2.252
1489	9.438
1490	6.458
1491	10.76
1492	0.4702
1493	9.894
1494	3.955
1495	-10.27
1496	16.77
1497	5.874
1498	-0.03824
1499	9.438
1500	9.721
1001	13.25
1002	20.83
1003	4.017
1004	-3.16
1005	8.721
1006	16.02
1007	2.327
1008	16.49
1009	11.63
1010	0.9536
1011	19.45
1012	7.416
1013	5.15
1014	8.983
1015	2.942
1016	11.03
1017	8.911
1018	7.975
1019	27.64
1020	12.68
1021	16.23
1022	10.68
1023	0.3667
1024	5.09
1025	5.686
1026	8.008
1027	2.053
1028	5.544
1029	6.677
1030	6.28
1031	8.041
1032	8.205
1033	19.79
1034	-3.681
1035	0.5731
1036	-4.203
1037	-1.947
1038	3.763
1039	5.167
1040	6.572
1041	9.303
1042	11.26
1043	7.308
1044	12.6
1045	10.99
1046	10.02
1047	8.803
1048	15.86
1049	-5.339
1050	12.49
1051	8.113
1052	7.235
1053	0.1943
1054	-0.6877
1055	7.621
1056	5.208
1057	6.567
1058	9.832
1059	14.89
1060	13.11
1061	11.78
1062	12.49
1063	0.989
1064	-2.698
1065	3.451
1066	6.817
1067	-3.514
1068	-3.028
1069	3.245
1070	3.781
1071	8.808
1072	4.825
1073	12.38
1074	11.53
1075	12.44
1076	11.85
1077	16.92
1078	14.27
1079	10.69
1080	4.506
1081	18.32
1082	14.48
1083	8.186
1084	3.424
1085	5.824
1086	6.952
1087	5.398
1088	4.626
1089	-20.26
1090	4.755
1091	6.353
1092	16.75
1093	-8.161
1094	10.07
1095	-11.93
1096	-1.624
1097	-6.448
1098	8.031
1099	1.843
1100	4.87
1101	7.529
1102	7.757
1103	2.959
1104	5.592
1105	12.76
1106	1.346
1107	-0.8604
1108	3.268
1109	6.433
1110	22.39
1111	-2.051
1112	11.34
1113	8.632
1114	3.839
1115	9.41
1116	15.95
1117	0.9885
1118	-0.7082
1119	3.957
1120	2.657
1121	10.45
1122	18.12
1123	13.9
1124	-7.19
1125	6.915
1126	0.3285
1127	23.03
1128	-1.793
1129	1.102
1130	1.145
1131	8.935
1132	12.77
1133	6.079
1134	9.504
1135	8.045
1136	5.847
1137	8.291
1138	9.048
1139	3.62
1140	-2.754
1141	0.9649
1142	3.564
1143	3.235
1144	10.66
1145	11.73
1146	24.08
1147	-18.65
1148	6.959
1149	8.193
1150	-2.54
1151	21.48
1152	16.32
1153	-1.546
1154	2.567
1155	8.169
1156	3.478
1157	-1.554
1158	-4.953
1159	-5.872
1160	5.477
1161	1.428
1162	5.213
1163	-2.843
1164	4.142
1165	7.45
1166	8.999
1167	9.352
1168	9.999
1169	9.229
1170	9.431
1171	10.19
1172	7.81
1173	5.218
1174	12.69
1175	3.472
1176	7.503
1177	4.342
1178	10.28
1179	5.211
1180	3.91
1181	15.67
1182	13.42
1183	10.93
1184	13.48
1185	-1.751
1186	13.85
1187	11.22
1188	-12.99
1189	-7.171
1190	10.58
1191	3.961
1192	11.07
1193	-0.07431
1194	4.955
1195	3.881
1196	6.774
1197	5.447
1198	7.549
1199	6.006
1200	7.442
1201	7.977
1202	18.0
1203	2.78
1204	21.32
1205	18.02
1206	16.38
1207	12.12
1208	11.35
1209	-0.5256
1210	15.92
1211	3.383
1212	5.35
1213	3.851
1214	4.912
1215	5.346
1216	1.451
1217	4.215
1218	9.762
1219	14.52
1220	9.93
1221	16.84
1222	1.449
1223	10.04
1224	6.045
1225	13.49
1226	10.25
1227	11.01
1228	10.55
1229	7.522
1230	-2.115
1231	1.041
1232	7.369
1233	14.15
1234	5.49
1235	2.314
1236	5.604
1237	9.886
1238	19.33
1239	-5.105
1240	6.015
1241	6.856
1242	-18.23
1243	11.73
1244	11.91
1245	10.04
1246	9.118
1247	7.629
1248	7.484
1249	4.372
1250	17.21
1251	6.646
1252	7.12
1253	26.02
1254	-1.77
1255	14.53
1256	6.721
1257	12.03
1258	14.36
1259	10.93
1260	10.46
1261	11.12
1262	9.25
1263	9.017
1264	6.463
1265	-26.06
1266	13.09
1267	6.737
1268	10.1
1269	9.07
1270	3.791
1271	-2.785
1272	-1.622
1273	13.97
1274	24.34
1275	9.186
1276	-0.9398
1277	16.9
1278	1.569
1279	11.52
1280	3.815
1281	8.235
1282	7.06
1283	1.828
1284	2.315
1285	11.08
1286	5.699
1287	14.05
1288	12.11
1289	13.17
1290	7.692
1291	12.96
1292	1.736
1293	1.136
1294	2.958
1295	10.12
1296	9.165
1297	8.727
1298	3.234
1299	8.073
1300	10.71
1301	3.88
1302	0.3746
1303	-4.466
1304	-13.49
1305	-1.046
1306	17.52
1307	9.939
1308	8.231
1309	1.509
1310	8.429
1311	-0.1573
1312	8.771
1313	7.022
1314	10.9
1315	4.265
1316	11.14
1317	13.85
1318	15.83
1319	13.63
1320	5.609
1321	6.891
1322	-0.5667
1323	-14.43
1324	2.056
1325	5.642
1326	0.5707
1327	10.56
1328	5.062
1329	12.32
1330	9.601
1331	-3.31
1332	0.9492
1333	6.695
1334	7.396
1335	7.522
1336	7.498
1337	7.342
1338	7.514
1339	6.268
1340	6.469
1341	6.482
1342	9.159
1343	7.26
1344	8.315
1345	3.942
1346	19.9
1347	7.175
1348	15.43
1349	6.818
1350	-13.44
1351	4.351
1352	13.93
1353	8.308
1354	8.888
1355	8.854
1356	9.328
1357	9.411
1358	8.611
1359	8.022
1360	7.263
1361	13.82
1362	13.51
1363	12.2
1364	11.87
1365	10.41
1366	8.831
1367	4.806
1368	7.657
1369	10.95
1370	10.46
1371	10.71
1372	8.452
1373	5.543
1374	7.249
1375	7.58
1376	7.643
1377	7.726
1378	7.574
1379	7.698
1380	7.988
1381	8.098
1382	8.137
1383	7.909
1384	7.351
1385	7.417
1386	7.087
1387	6.531
1388	4.782
1389	7.788
1390	-0.3025
1391	-2.651
1392	23.26
1393	-3.902
1394	7.808
1395	4.958
1396	12.89
1397	7.249
1398	13.96
1399	12.24
1400	5.06
1401	10.75
1402	-9.748
1403	20.2
1404	-0.522
1405	7.438
1406	10.71
1407	9.101
1408	10.74
1409	10.38
1410	8.863
1411	11.31
1412	10.98
1413	11.74
1414	11.97
1415	8.524
1416	1.546
1417	4.348
1418	-1.119
1419	8.612
1420	10.8
1421	5.141
1422	4.191
1423	-1.867
1424	14.27
1425	12.88
1426	6.06
1427	9.127
1428	9.891
1429	-0.6863
1430	15.7
1431	-3.393
1432	-0.7103
1433	11.73
1434	16.06
1435	4.123
1436	22.34
1437	10.71
1438	-1.216
1439	2.313
1440	7.801
1441	-17.35
1442	-14.23
1443	5.869
1444	6.181
1445	11.55
1446	12.48
1447	12.36
1448	11.43
1449	11.83
1450	-0.4133
1451	19.71
1452	13.16
1453	14.74
1454	-7.155
1455	19.24
1456	14.18
1457	10.08
1458	2.616
1459	20.64
1460	6.87
1461	16.19
1462	-2.122
1463	20.92
1464	7.302
1465	-0.5176
1466	-2.096
1467	-2.314
1468	-14.69
1469	3.5
1470	8.937
1471	2.651
1472	18.08
1473	17.74
1474	6.773
1475	0.1016
1476	-1.481
1477	2.599
1478	6.088
1479	7.158
1480	6.92
1481	7.023
1482	6.94
1483	7.174
1484	10.51
1485	7.498
1486	11.71
1487	0.8925
1488	7.612
1489	4.521
1490	9.611
1491	7.607
1492	14.36
1493	2.84
1494	10.65
1495	-11.7
1496	15.04
1497	3.865
1498	7.414
1499	7.98
1500	6.603
1001	12.37
1002	7.859
1003	1.289
1004	3.704
1005	0.6503
1006	18.96
1007	5.337
1008	3.907
1009	3.221
1010	4.967
1011	-2.007
1012	3.668
1013	18.8
1014	11.58
1015	1.953
1016	11.41
1017	9.223
1018	6.07
1019	4.811
1020	16.43
1021	13.79
1022	9.219
1023	9.839
1024	5.12
1025	4.343
1026	7.965
1027	6.165
1028	5.807
1029	6.995
1030	6.455
1031	6.161
1032	10.12
1033	29.92
1034	3.217
1035	-1.253
1036	-4.118
1037	2.781
1038	-13.89
1039	13.16
1040	11.32
1041	11.64
1042	12.66
1043	10.59
1044	15.32
1045	2.67
1046	4.621
1047	0.2655
1048	6.336
1049	-2.603
1050	15.44
1051	0.632
1052	7.51
1053	-1.605
1054	10.86
1055	9.842
1056	11.75
1057	8.234
1058	4.521
1059	12.83
1060	13.86
1061	14.66
1062	11.07
1063	8.552
1064	7.23
1065	4.246
1066	-2.316
1067	1.714
1068	12.38
1069	0.1043
1070	1.874
1071	5.992
1072	5.408
1073	11.55
1074	12.3
1075	12.25
1076	10.71
1077	8.738
1078	1.504
1079	5.272
1080	10.02
1081	11.1
1082	13.95
1083	9.257
1084	4.8
1085	5.675
1086	6.558
1087	7.643
1088	8.34
1089	6.335
1090	13.64
1091	12.49
1092	18.91
1093	12.23
1094	3.158
1095	12.65
1096	16.92
1097	20.43
1098	-5.296
1099	11.97
1100	2.58
1101	6.943
1102	6.056
1103	6.808
1104	14.51
1105	-0.2589
1106	17.79
1107	2.717
1108	15.4
1109	10.41
1110	13.53
1111	13.5
1112	0.5769
1113	8.892
1114	11.58
1115	1.157
1116	10.23
1117	1.058
1118	-2.258
1119	5.674
1120	7.098
1121	8.555
1122	1.969
1123	6.736
1124	-4.994
1125	13.1
1126	14.5
1127	18.18
1128	-1.682
1129	3.695
1130	0.8841
1131	9.518
1132	14.89
1133	9.152
1134	11.27
1135	9.193
1136	12.25
1137	6.345
1138	2.766
1139	-9.02
1140	10.92
1141	8.163
1142	5.914
1143	16.09
1144	2.022
1145	-5.164
1146	8.534
1147	8.498
1148	-6.586
1149	4.81
1150	4.119
1151	11.32
1152	10.48
1153	0.1561
1154	6.355
1155	6.072
1156	-3.779
1157	-0.8046
1158	-3.725
1159	-1.348
1160	0.6385
1161	10.71
1162	7.121
1163	4.923
1164	7.702
1165	8.059
1166	8.017
1167	9.795
1168	9.179
1169	9.302
1170	8.902
1171	8.777
1172	7.413
1173	11.65
1174	8.35
1175	7.707
1176	17.18
1177	8.333
1178	11.66
1179	7.246
1180	2.845
1181	8.779
1182	7.848
1183	5.182
1184	12.11
1185	14.74
1186	20.65
1187	1.309
1188	-13.47
1189	4.726
1190	10.61
1191	4.794
1192	9.479
1193	1.844
1194	4.615
1195	3.899
1196	5.519
1197	3.782
1198	3.93
1199	5.042
1200	10.19
1201	9.886
1202	13.55
1203	9.925
1204	18.11
1205	21.45
1206	14.2
1207	15.73
1208	6.314
1209	4.109
1210	8.819
1211	3.211
1212	6.116
1213	4.566
1214	3.53
1215	6.599
1216	9.071
1217	8.714
1218	4.604
1219	11.45
1220	2.1
1221	2.343
1222	6.82
1223	13.74
1224	9.187
1225	3.95
1226	9.146
1227	2.216
1228	19.3
1229	11.85
1230	2.56
1231	2.249
1232	9.064
1233	13.25
1234	11.85
1235	13.8
1236	11.76
1237	14.28
1238	14.68
1239	0.512
1240	8.894
1241	4.837
1242	23.79
1243	11.49
1244	10.89
1245	13.31
1246	9.897
1247	7.391
1248	7.435
1249	7.875
1250	13.31
1251	12.95
1252	4.986
1253	18.4
1254	-0.5235
1255	15.11
1256	4.433
1257	8.064
1258	12.17
1259	9.294
1260	10.31
1261	10.81
1262	9.367
1263	6.602
1264	5.503
1265	-1.022
1266	5.321
1267	4.801
1268	6.734
1269	7.594
1270	4.385
1271	-0.8982
1272	-0.4238
1273	4.516
1274	8.074
1275	9.839
1276	-0.6006
1277	3.797
1278	8.334
1279	-3.112
1280	12.67
1281	11.4
1282	6.408
1283	6.813
1284	8.649
1285	-13.62
1286	22.13
1287	20.13
1288	11.87
1289	10.57
1290	3.559
1291	5.407
1292	10.01
1293	7.513
1294	11.51
1295	8.654
1296	10.03
1297	8.876
1298	10.72
1299	12.89
1300	10.51
1301	-1.265
1302	5.358
1303	17.48
1304	17.44
1305	0.06496
1306	8.497
1307	7.902
1308	10.57
1309	1.092
1310	16.16
1311	19.06
1312	8.299
1313	17.46
1314	2.91
1315	14.06
1316	-0.5133
1317	10.15
1318	14.67
1319	15.02
1320	10.72
1321	10.23
1322	3.874
1323	15.05
1324	18.73
1325	5.512
1326	1.751
1327	1.688
1328	5.702
1329	-5.586
1330	6.751
1331	4.467
1332	3.492
1333	7.516
1334	7.411
1335	7.286
1336	7.496
1337	7.584
1338	7.513
1339	5.557
1340	5.882
1341	6.415
1342	8.372
1343	8.52
1344	9.021
1345	13.37
1346	11.27
1347	19.85
1348	9.381
1349	9.005
1350	0.07507
1351	3.554
1352	2.469
1353	8.58
1354	8.996
1355	8.973
1356	8.707
1357	8.644
1358	7.014
1359	8.258
1360	2.719
1361	18.95
1362	12.14
1363	9.307
1364	9.808
1365	12.01
1366	11.55
1367	9.083
1368	7.113
1369	10.93
1370	7.325
1371	8.845
1372	6.742
1373	6.62
1374	7.452
1375	7.529
1376	7.522
1377	7.711
1378	7.776
1379	7.487
1380	7.865
1381	8.108
1382	8.075
1383	7.303
1384	7.403
1385	7.443
1386	7.107
1387	8.207
1388	7.093
1389	8.785
1390	3.995
1391	12.7
1392	19.21
1393	9.9
1394	9.734
1395	3.118
1396	10.32
1397	18.89
1398	10.3
1399	3.916
1400	8.782
1401	14.55
1402	2.135
1403	23.14
1404	16.4
1405	1.075
1406	10.75
1407	7.061
1408	10.29
1409	10.56
1410	10.72
1411	11.6
1412	14.26
1413	11.76
1414	11.41
1415	14.39
1416	11.31
1417	9.964
1418	0.2877
1419	13.31
1420	8.926
1421	5.384
1422	3.27
1423	10.14
1424	13.56
1425	15.54
1426	9.828
1427	14.55
1428	8.875
1429	4.85
1430	14.05
1431	-1.23
1432	4.599
1433	10.82
1434	20.11
1435	11.63
1436	25.34
1437	12.2
1438	-0.4161
1439	3.061
1440	6.446
1441	2.011
1442	10.85
1443	6.878
1444	11.13
1445	11.26
1446	10.93
1447	13.52
1448	5.785
1449	11.01
1450	4.432
1451	4.631
1452	7.286
1453	14.74
1454	4.877
1455	23.26
1456	13.19
1457	7.663
1458	2.239
1459	17.33
1460	-2.504
1461	7.532
1462	12.51
1463	14.71
1464	0.587
1465	4.081
1466	6.805
1467	9.93
1468	3.077
1469	5.343
1470	2.572
1471	12.31
1472	-1.022
1473	13.82
1474	2.787
1475	2.315
1476	-1.263
1477	4.767
1478	4.919
1479	7.192
1480	7.02
1481	7.065
1482	6.869
1483	10.08
1484	11.52
1485	12.43
1486	3.305
1487	6.575
1488	-3.307
1489	8.143
1490	9.419
1491	9.996
1492	7.397
1493	2.54
1494	2.29
1495	10.2
1496	-0.8455
1497	7.453
1498	3.431
1499	10.27
1500	7.225
1001	10.92
1002	7.311
1003	6.961
1004	3.754
1005	-5.081
1006	16.42
1007	4.429
1008	-0.7342
1009	5.768
1010	7.453
1011	7.957
1012	5.58
1013	-11.46
1014	5.456
1015	-5.491
1016	9.759
1017	9.094
1018	5.939
1019	6.828
1020	16.64
1021	14.25
1022	13.1
1023	3.849
1024	5.399
1025	4.715
1026	7.772
1027	10.35
1028	10.21
1029	7.115
1030	6.519
1031	6.321
1032	9.846
1033	1.591
1034	12.41
1035	-2.895
1036	4.833
1037	-1.46
1038	3.139
1039	8.49
1040	14.59
1041	8.214
1042	15.58
1043	5.638
1044	10.26
1045	9.297
1046	3.58
1047	-0.4446
1048	12.49
1049	14.03
1050	-1.273
1051	-2.59
1052	0.4345
1053	-5.171
1054	-8.319
1055	13.9
1056	6.283
1057	6.657
1058	7.562
1059	15.17
1060	15.88
1061	15.23
1062	19.57
1063	3.295
1064	-0.1928
1065	4.329
1066	2.762
1067	0.3502
1068	6.346
1069	2.215
1070	-5.099
1071	0.7843
1072	3.511
1073	11.25
1074	12.18
1075	12.46
1076	10.64
1077	0.747
1078	7.541
1079	-0.2631
1080	-0.2718
1081	12.07
1082	14.79
1083	11.39
1084	5.481
1085	5.629
1086	5.999
1087	4.802
1088	7.022
1089	2.847
1090	22.68
1091	13.28
1092	3.904
1093	-15.85
1094	2.525
1095	3.918
1096	-0.6229
1097	-5.961
1098	-2.973
1099	10.33
1100	5.677
1101	8.015
1102	6.853
1103	2.374
1104	7.471
1105	8.948
1106	-1.796
1107	8.727
1108	8.525
1109	-2.968
1110	-1.118
1111	3.045
1112	5.154
1113	-0.08974
1114	6.618
1115	-5.974
1116	8.994
1117	-2.725
1118	-8.973
1119	0.2685
1120	1.317
1121	4.775
1122	2.519
1123	10.71
1124	-3.519
1125	9.951
1126	6.297
1127	20.48
1128	-0.03296
1129	0.7658
1130	4.795
1131	-4.644
1132	6.737
1133	9.195
1134	5.549
1135	8.605
1136	-7.547
1137	4.451
1138	0.1438
1139	5.653
1140	4.289
1141	-0.3991
1142	2.43
1143	4.924
1144	6.597
1145	4.034
1146	0.2292
1147	8.529
1148	4.976
1149	1.96
1150	1.694
1151	0.2716
1152	3.7
1153	11.5
1154	2.737
1155	5.486
1156	0.7045
1157	-1.809
1158	-5.537
1159	-0.853
1160	-2.288
1161	-2.079
1162	0.05356
1163	-15.91
1164	5.77
1165	8.359
1166	7.998
1167	9.076
1168	9.009
1169	9.445
1170	9.675
1171	8.712
1172	9.302
1173	10.51
1174	10.85
1175	0.05136
1176	2.051
1177	6.828
1178	7.864
1179	5.548
1180	3.91
1181	0.3143
1182	5.094
1183	11.03
1184	13.39
1185	9.473
1186	13.62
1187	11.88
1188	-9.518
1189	5.731
1190	-3.829
1191	-3.376
1192	10.65
1193	1.132E-4
1194	1.765
1195	3.096
1196	3.753
1197	0.1554
1198	4.299
1199	7.074
1200	14.48
1201	14.21
1202	2.903
1203	15.73
1204	20.76
1205	19.32
1206	18.75
1207	16.69
1208	7.481
1209	0.08983
1210	5.113
1211	2.204
1212	6.253
1213	3.6
1214	5.55
1215	4.941
1216	4.02
1217	6.66
1218	7.738
1219	-1.119
1220	7.315
1221	25.05
1222	-5.456
1223	12.67
1224	4.679
1225	-2.736
1226	1.946
1227	5.628
1228	19.92
1229	-3.432
1230	12.52
1231	5.817
1232	6.338
1233	11.09
1234	0.5016
1235	6.001
1236	5.98
1237	7.222
1238	10.48
1239	5.333
1240	7.67
1241	-2.774
1242	9.318
1243	12.24
1244	12.66
1245	9.524
1246	8.636
1247	7.665
1248	8.606
1249	4.325
1250	18.72
1251	11.73
1252	6.561
1253	13.86
1254	5.18
1255	13.01
1256	4.715
1257	12.8
1258	11.9
1259	9.361
1260	10.3
1261	11.14
1262	10.6
1263	8.719
1264	11.87
1265	7.724
1266	6.399
1267	7.76
1268	5.769
1269	6.904
1270	-1.116
1271	-1.102
1272	-2.393
1273	3.29
1274	9.813
1275	7.196
1276	6.986
1277	10.49
1278	23.9
1279	8.881
1280	12.53
1281	10.65
1282	6.648
1283	14.02
1284	0.9283
1285	3.158
1286	12.25
1287	17.51
1288	8.853
1289	13.54
1290	-0.2622
1291	-4.124
1292	3.578
1293	1.659
1294	6.33
1295	8.804
1296	8.532
1297	9.389
1298	5.073
1299	11.5
1300	9.769
1301	-3.918
1302	-2.07
1303	-5.931
1304	-6.095
1305	-3.524
1306	12.98
1307	4.202
1308	5.073
1309	3.778
1310	-0.7501
1311	5.762
1312	4.283
1313	5.618
1314	-9.559
1315	-17.08
1316	4.618
1317	-7.163
1318	16.08
1319	10.51
1320	1.721
1321	3.49
1322	7.424
1323	11.07
1324	5.408
1325	0.2457
1326	3.839
1327	0.7813
1328	4.875
1329	6.02
1330	12.47
1331	-8.906
1332	-4.749
1333	7.845
1334	7.412
1335	7.453
1336	7.407
1337	7.535
1338	7.631
1339	5.125
1340	6.727
1341	6.065
1342	7.088
1343	9.112
1344	8.559
1345	15.83
1346	8.948
1347	14.79
1348	9.79
1349	10.89
1350	3.93
1351	1.735
1352	2.614
1353	8.25
1354	9.25
1355	8.758
1356	8.659
1357	8.928
1358	7.886
1359	5.964
1360	8.204
1361	2.832
1362	10.71
1363	15.25
1364	18.16
1365	11.16
1366	13.5
1367	7.353
1368	12.04
1369	12.27
1370	5.428
1371	11.27
1372	5.03
1373	5.229
1374	7.618
1375	7.483
1376	7.341
1377	7.717
1378	7.77
1379	7.642
1380	7.857
1381	8.146
1382	8.081
1383	8.078
1384	7.303
1385	7.361
1386	6.923
1387	7.277
1388	3.959
1389	5.609
1390	-0.5713
1391	4.482
1392	4.405
1393	-6.413
1394	5.074
1395	5.668
1396	11.62
1397	15.98
1398	16.61
1399	-12.34
1400	5.69
1401	15.59
1402	-4.235
1403	22.96
1404	2.852
1405	7.032
1406	9.625
1407	9.376
1408	10.26
1409	10.65
1410	11.78
1411	11.83
1412	14.14
1413	12.41
1414	11.67
1415	11.81
1416	-1.067
1417	9.669
1418	-0.4984
1419	8.432
1420	1.73
1421	4.936
1422	5.752
1423	-2.62
1424	13.83
1425	14.64
1426	7.235
1427	9.661
1428	9.542
1429	-3.834
1430	11.36
1431	6.212
1432	6.448
1433	11.65
1434	8.751
1435	-11.32
1436	4.962
1437	12.92
1438	-0.7253
1439	12.32
1440	6.554
1441	12.85
1442	-4.071
1443	-0.5366
1444	13.31
1445	11.74
1446	11.08
1447	16.0
1448	0.9729
1449	4.694
1450	4.08
1451	1.81
1452	3.772
1453	10.53
1454	1.591
1455	3.845
1456	19.73
1457	7.711
1458	0.7773
1459	11.33
1460	-1.655
1461	6.418
1462	14.0
1463	-10.14
1464	0.8207
1465	12.24
1466	8.855
1467	2.488
1468	-12.61
1469	-3.967
1470	8.212
1471	4.664
1472	2.757
1473	1.41
1474	12.96
1475	-0.2863
1476	-0.3949
1477	5.889
1478	7.34
1479	7.684
1480	6.975
1481	6.99
1482	7.019
1483	7.492
1484	9.34
1485	2.081
1486	6.105
1487	11.71
1488	5.241
1489	-4.671
1490	7.482
1491	8.847
1492	4.716
1493	15.56
1494	0.1837
1495	5.308
1496	5.803
1497	1.526
1498	-2.083
1499	15.61
1500	6.392
1001	10.75
1002	2.888
1003	6.934
1004	-1.855
1005	4.955
1006	11.16
1007	6.614
1008	5.937
1009	10.73
1010	5.046
1011	11.11
1012	-0.3295
1013	14.99
1014	6.042
1015	11.26
1016	10.98
1017	11.11
1018	10.55
1019	-0.7102
1020	14.55
1021	15.36
1022	7.968
1023	-0.4902
1024	5.076
1025	5.059
1026	8.254
1027	13.26
1028	8.357
1029	6.927
1030	6.436
1031	5.255
1032	8.274
1033	11.18
1034	12.28
1035	-3.699
1036	-2.803
1037	-1.228
1038	-0.5542
1039	2.528
1040	5.514
1041	9.974
1042	12.27
1043	13.29
1044	13.01
1045	2.484
1046	3.129
1047	-4.964
1048	5.19
1049	3.085
1050	14.17
1051	2.892
1052	2.213
1053	-2.918
1054	9.495
1055	-8.087
1056	11.6
1057	9.483
1058	2.763
1059	17.34
1060	14.23
1061	12.52
1062	14.22
1063	4.759
1064	6.33
1065	1.32
1066	0.8437
1067	-3.14
1068	-4.882
1069	0.4689
1070	-5.701
1071	3.829
1072	4.249
1073	12.37
1074	12.31
1075	12.22
1076	13.48
1077	6.198
1078	2.922
1079	5.812
1080	7.033
1081	13.61
1082	10.58
1083	16.4
1084	5.529
1085	5.241
1086	8.375
1087	5.934
1088	5.572
1089	0.9396
1090	26.06
1091	-2.247
1092	16.8
1093	-6.465
1094	11.04
1095	4.557
1096	8.79
1097	-0.007222
1098	10.89
1099	4.99
1100	2.172
1101	8.564
1102	19.61
1103	-21.15
1104	3.609
1105	16.57
1106	8.569
1107	-2.124
1108	-6.031
1109	-10.48
1110	6.136
1111	4.822
1112	11.38
1113	6.002
1114	0.4277
1115	18.83
1116	3.773
1117	0.6621
1118	8.37
1119	4.095
1120	0.1429
1121	6.382
1122	2.328
1123	14.45
1124	-0.7863
1125	23.53
1126	1.659
1127	17.23
1128	3.141
1129	1.581
1130	-14.05
1131	-0.4121
1132	10.27
1133	7.197
1134	7.395
1135	20.31
1136	-4.449
1137	29.76
1138	18.13
1139	15.11
1140	-0.5917
1141	3.081
1142	9.052
1143	5.411
1144	4.293
1145	-1.896
1146	9.586
1147	9.066
1148	10.43
1149	8.428
1150	14.04
1151	14.69
1152	11.35
1153	3.962
1154	7.124
1155	5.632
1156	1.898
1157	4.124
1158	-7.763
1159	-1.35
1160	3.693
1161	2.809
1162	-1.638
1163	-6.587
1164	8.108
1165	7.112
1166	8.511
1167	8.791
1168	10.05
1169	9.287
1170	9.108
1171	8.905
1172	8.935
1173	7.489
1174	10.05
1175	-9.562
1176	27.14
1177	9.002
1178	14.4
1179	3.035
1180	4.165
1181	6.772
1182	0.2163
1183	9.702
1184	12.94
1185	-5.691
1186	7.271
1187	13.59
1188	-5.455
1189	6.277
1190	0.7125
1191	9.941
1192	8.279
1193	1.26
1194	3.035
1195	4.335
1196	8.054
1197	3.806
1198	4.499
1199	5.705
1200	13.55
1201	13.18
1202	5.457
1203	8.448
1204	22.9
1205	17.89
1206	16.6
1207	13.05
1208	4.205
1209	10.86
1210	13.26
1211	3.138
1212	5.39
1213	4.269
1214	4.392
1215	3.9
1216	11.74
1217	12.83
1218	12.43
1219	3.224
1220	6.521
1221	6.79
1222	0.8484
1223	9.177
1224	8.139
1225	3.551
1226	-0.7786
1227	16.42
1228	9.033
1229	-3.71
1230	-1.975
1231	3.051
1232	6.63
1233	3.059
1234	9.406
1235	-13.32
1236	-18.71
1237	5.559
1238	16.25
1239	8.501
1240	5.013
1241	19.34
1242	8.018
1243	9.657
1244	12.26
1245	13.27
1246	9.289
1247	7.378
1248	6.131
1249	14.98
1250	12.14
1251	4.917
1252	12.45
1253	8.271
1254	-4.161
1255	19.0
1256	3.205
1257	12.21
1258	12.01
1259	10.05
1260	10.28
1261	10.53
1262	11.92
1263	11.48
1264	-0.6254
1265	1.802
1266	17.63
1267	4.075
1268	1.211
1269	6.842
1270	3.146
1271	-0.01461
1272	-0.71
1273	3.105
1274	13.84
1275	16.15
1276	3.694
1277	21.25
1278	-7.114
1279	-6.119
1280	4.171
1281	8.89
1282	6.425
1283	4.425
1284	2.698
1285	18.68
1286	15.38
1287	15.1
1288	6.653
1289	3.701
1290	8.776
1291	1.582
1292	-3.631
1293	8.721
1294	8.045
1295	8.623
1296	9.688
1297	9.479
1298	4.855
1299	7.084
1300	7.642
1301	5.723
1302	2.924
1303	12.59
1304	2.671
1305	-3.444
1306	9.66
1307	13.5
1308	6.389
1309	4.88
1310	10.83
1311	3.361
1312	9.364
1313	6.027
1314	0.4741
1315	-15.0
1316	9.311
1317	7.206
1318	14.65
1319	10.62
1320	13.72
1321	8.54
1322	17.22
1323	3.47
1324	0.3755
1325	2.973
1326	-9.316
1327	6.829
1328	5.885
1329	4.522
1330	7.639
1331	-0.5538
1332	8.865
1333	7.122
1334	7.365
1335	7.685
1336	7.457
1337	7.475
1338	7.584
1339	6.581
1340	5.295
1341	7.47
1342	6.404
1343	8.308
1344	10.82
1345	6.369
1346	17.43
1347	11.38
1348	7.454
1349	9.293
1350	-0.8016
1351	2.212
1352	5.828
1353	8.111
1354	8.809
1355	9.197
1356	8.777
1357	8.906
1358	9.682
1359	13.73
1360	6.871
1361	6.821
1362	12.2
1363	16.16
1364	15.64
1365	12.39
1366	9.161
1367	9.026
1368	11.87
1369	12.49
1370	9.916
1371	11.59
1372	3.63
1373	6.275
1374	7.229
1375	7.559
1376	7.592
1377	7.71
1378	7.617
1379	7.705
1380	7.969
1381	8.092
1382	7.903
1383	7.903
1384	7.448
1385	7.427
1386	7.365
1387	8.095
1388	2.503
1389	5.004
1390	6.764
1391	4.363
1392	20.37
1393	3.773
1394	3.109
1395	1.281
1396	10.81
1397	3.148
1398	10.35
1399	-9.51
1400	8.682
1401	-6.265
1402	-18.34
1403	9.836
1404	17.96
1405	0.1512
1406	9.906
1407	9.226
1408	11.02
1409	10.99
1410	10.95
1411	13.14
1412	11.87
1413	11.96
1414	13.42
1415	7.69
1416	10.51
1417	4.349
1418	-0.1872
1419	7.572
1420	7.426
1421	4.997
1422	8.074
1423	3.754
1424	11.29
1425	13.91
1426	8.506
1427	8.087
1428	12.63
1429	-6.619
1430	15.77
1431	2.728
1432	12.18
1433	-11.18
1434	7.175
1435	-2.473
1436	22.75
1437	15.85
1438	-0.08195
1439	9.778
1440	5.267
1441	-8.489
1442	8.143
1443	8.573
1444	7.419
1445	12.45
1446	10.81
1447	16.81
1448	-2.1
1449	0.08716
1450	-2.381
1451	-1.127
1452	16.69
1453	5.969
1454	-14.96
1455	20.51
1456	14.3
1457	11.07
1458	7.394
1459	14.04
1460	18.33
1461	11.06
1462	5.308
1463	2.432
1464	14.4
1465	13.72
1466	-21.7
1467	6.917
1468	2.561
1469	-8.334
1470	3.873
1471	5.614
1472	25.47
1473	12.75
1474	3.912
1475	-1.491
1476	-1.15
1477	4.928
1478	6.376
1479	7.842
1480	6.993
1481	7.039
1482	6.929
1483	10.44
1484	11.74
1485	2.148
1486	16.45
1487	5.947
1488	0.2867
1489	15.73
1490	9.122
1491	10.51
1492	-6.779
1493	9.876
1494	-3.65
1495	-14.52
1496	9.355
1497	0.5642
1498	1.648
1499	12.42
1500	4.742
1001	12.93
1002	14.99
1003	11.62
1004	18.6
1005	7.682
1006	7.481
1007	18.46
1008	13.98
1009	8.962
1010	10.97
1011	22.75
1012	22.7
1013	12.47
1014	16.31
1015	6.008
1016	9.957
1017	10.35
1018	9.483
1019	16.61
1020	18.94
1021	15.63
1022	12.3
1023	2.93
1024	5.395
1025	3.578
1026	7.667
1027	12.75
1028	11.52
1029	6.819
1030	6.448
1031	6.805
1032	13.11
1033	1.737
1034	2.948
1035	-2.402
1036	1.938
1037	1.647
1038	23.61
1039	15.81
1040	6.666
1041	9.883
1042	19.77
1043	15.19
1044	12.89
1045	6.39
1046	5.504
1047	-2.917
1048	32.1
1049	6.907
1050	15.73
1051	1.057
1052	7.173
1053	6.272
1054	16.23
1055	15.74
1056	9.615
1057	9.52
1058	10.35
1059	16.54
1060	14.6
1061	12.24
1062	13.15
1063	8.071
1064	16.49
1065	3.96
1066	4.222
1067	6.193
1068	9.588
1069	3.065
1070	5.485
1071	10.64
1072	4.466
1073	11.59
1074	12.25
1075	13.0
1076	13.39
1077	15.27
1078	14.94
1079	10.89
1080	3.442
1081	17.68
1082	14.47
1083	10.96
1084	4.207
1085	5.677
1086	7.226
1087	8.805
1088	6.816
1089	19.74
1090	12.52
1091	4.356
1092	12.78
1093	-13.4
1094	7.183
1095	19.11
1096	14.18
1097	3.791
1098	9.586
1099	5.111
1100	12.09
1101	8.541
1102	14.0
1103	29.99
1104	30.14
1105	8.459
1106	20.56
1107	-1.461
1108	18.73
1109	25.56
1110	25.18
1111	14.99
1112	7.16
1113	12.11
1114	18.37
1115	16.37
1116	11.33
1117	2.944
1118	6.978
1119	7.265
1120	-0.2604
1121	12.03
1122	11.38
1123	15.23
1124	1.875
1125	6.196
1126	9.323
1127	20.5
1128	4.43
1129	6.24
1130	27.78
1131	4.127
1132	5.694
1133	3.966
1134	11.11
1135	26.6
1136	5.336
1137	25.25
1138	17.27
1139	6.843
1140	27.43
1141	3.209
1142	9.63
1143	4.795
1144	11.73
1145	23.63
1146	5.268
1147	6.406
1148	3.448
1149	20.55
1150	24.78
1151	14.76
1152	25.37
1153	8.213
1154	4.954
1155	7.954
1156	1.439
1157	1.518
1158	-5.52
1159	-1.328
1160	4.106
1161	3.787
1162	16.69
1163	21.9
1164	9.918
1165	3.74
1166	9.531
1167	9.713
1168	8.911
1169	9.241
1170	9.197
1171	9.041
1172	7.482
1173	10.16
1174	16.94
1175	-3.58
1176	5.355
1177	5.522
1178	11.42
1179	4.747
1180	4.686
1181	9.876
1182	13.55
1183	6.508
1184	14.68
1185	12.08
1186	24.53
1187	21.93
1188	13.47
1189	13.34
1190	16.17
1191	7.763
1192	11.59
1193	2.71
1194	4.321
1195	4.441
1196	6.587
1197	-0.8119
1198	7.776
1199	8.83
1200	8.208
1201	15.02
1202	19.68
1203	10.78
1204	18.81
1205	19.22
1206	17.13
1207	16.33
1208	11.26
1209	12.61
1210	23.33
1211	4.057
1212	5.158
1213	4.705
1214	4.745
1215	6.816
1216	8.149
1217	7.442
1218	23.24
1219	-9.524
1220	14.94
1221	14.03
1222	22.61
1223	8.244
1224	2.773
1225	12.05
1226	18.36
1227	11.24
1228	17.66
1229	22.0
1230	3.062
1231	4.519
1232	6.955
1233	7.955
1234	11.28
1235	17.63
1236	9.639
1237	16.0
1238	15.0
1239	6.779
1240	6.796
1241	10.64
1242	5.985
1243	11.27
1244	10.88
1245	13.88
1246	9.372
1247	8.204
1248	7.574
1249	21.25
1250	15.53
1251	4.955
1252	7.249
1253	26.52
1254	5.942
1255	10.87
1256	3.609
1257	14.53
1258	10.83
1259	10.89
1260	10.44
1261	11.0
1262	11.91
1263	7.481
1264	8.092
1265	11.43
1266	8.173
1267	10.05
1268	6.783
1269	6.414
1270	4.994
1271	-1.375
1272	-0.2971
1273	13.25
1274	18.84
1275	10.5
1276	10.62
1277	21.2
1278	9.077
1279	12.06
1280	11.56
1281	7.741
1282	5.56
1283	8.172
1284	7.204
1285	15.85
1286	16.28
1287	18.2
1288	12.15
1289	6.456
1290	15.08
1291	19.59
1292	15.34
1293	13.32
1294	7.843
1295	8.284
1296	9.569
1297	8.106
1298	-1.538
1299	10.25
1300	9.783
1301	1.288
1302	0.7784
1303	15.27
1304	6.112
1305	6.991
1306	16.32
1307	16.78
1308	7.052
1309	23.57
1310	5.655
1311	17.72
1312	12.49
1313	24.76
1314	18.22
1315	8.836
1316	7.779
1317	2.541
1318	13.72
1319	14.51
1320	17.11
1321	13.16
1322	16.84
1323	35.53
1324	28.38
1325	6.781
1326	7.13
1327	16.52
1328	4.402
1329	3.769
1330	10.38
1331	5.757
1332	6.836
1333	7.035
1334	7.394
1335	7.152
1336	7.497
1337	7.49
1338	7.747
1339	7.725
1340	6.228
1341	6.359
1342	8.387
1343	9.191
1344	8.643
1345	10.79
1346	19.88
1347	13.24
1348	12.44
1349	9.391
1350	19.26
1351	2.177
1352	6.913
1353	8.402
1354	9.059
1355	8.879
1356	8.892
1357	9.125
1358	8.036
1359	12.77
1360	6.154
1361	10.79
1362	12.49
1363	23.26
1364	14.37
1365	10.44
1366	13.91
1367	10.68
1368	11.3
1369	10.67
1370	7.298
1371	12.29
1372	7.636
1373	5.273
1374	6.877
1375	7.505
1376	7.586
1377	7.757
1378	7.631
1379	7.688
1380	7.807
1381	8.011
1382	8.175
1383	7.731
1384	7.4
1385	7.405
1386	7.225
1387	9.351
1388	7.434
1389	6.777
1390	0.4427
1391	0.7022
1392	20.56
1393	10.38
1394	11.83
1395	6.272
1396	4.124
1397	16.77
1398	15.82
1399	3.433
1400	11.78
1401	20.05
1402	5.738
1403	5.886
1404	24.84
1405	4.287
1406	10.56
1407	8.421
1408	10.32
1409	10.99
1410	12.92
1411	12.37
1412	13.45
1413	11.83
1414	12.69
1415	8.773
1416	11.33
1417	9.323
1418	2.427
1419	18.02
1420	9.618
1421	4.886
1422	8.516
1423	14.87
1424	14.15
1425	17.18
1426	12.88
1427	10.43
1428	8.114
1429	14.75
1430	8.278
1431	12.76
1432	5.882
1433	21.43
1434	18.79
1435	9.906
1436	23.66
1437	9.411
1438	11.11
1439	24.54
1440	1.752
1441	2.061
1442	24.05
1443	8.316
1444	12.89
1445	12.63
1446	13.18
1447	14.89
1448	19.14
1449	-1.264
1450	8.082
1451	13.22
1452	22.3
1453	17.79
1454	25.97
1455	18.67
1456	14.26
1457	8.344
1458	14.26
1459	16.36
1460	14.69
1461	16.25
1462	11.24
1463	21.79
1464	18.74
1465	16.64
1466	1.126
1467	20.32
1468	18.14
1469	0.4524
1470	5.584
1471	16.8
1472	22.14
1473	24.59
1474	11.16
1475	5.058
1476	0.4911
1477	4.355
1478	7.747
1479	8.052
1480	6.86
1481	7.029
1482	6.969
1483	9.479
1484	10.89
1485	5.608
1486	14.11
1487	8.353
1488	1.347
1489	12.96
1490	7.087
1491	13.02
1492	7.602
1493	14.9
1494	21.99
1495	11.18
1496	19.17
1497	4.795
1498	6.219
1499	11.46
1500	9.466
1001	8.788
1002	8.111
1003	8.483
1004	-1.931
1005	1.367
1006	12.74
1007	12.81
1008	6.207
1009	11.72
1010	7.361
1011	12.96
1012	29.59
1013	26.24
1014	3.38
1015	8.621
1016	11.78
1017	9.42
1018	4.951
1019	6.888
1020	17.27
1021	12.87
1022	7.823
1023	3.364
1024	5.443
1025	4.878
1026	7.517
1027	12.4
1028	4.245
1029	6.679
1030	6.375
1031	6.153
1032	9.414
1033	23.75
1034	-14.49
1035	-1.401
1036	-11.36
1037	-0.9418
1038	22.22
1039	1.779
1040	15.83
1041	9.909
1042	12.73
1043	13.23
1044	11.95
1045	8.211
1046	4.67
1047	-3.828
1048	20.56
1049	-3.603
1050	3.53
1051	-6.364
1052	-0.1069
1053	5.397
1054	0.5056
1055	6.85
1056	13.03
1057	4.045
1058	5.121
1059	11.56
1060	15.91
1061	14.54
1062	12.63
1063	13.69
1064	-4.934
1065	4.598
1066	3.857
1067	0.8066
1068	1.691
1069	3.287
1070	-0.5617
1071	2.63
1072	11.96
1073	11.33
1074	11.81
1075	12.35
1076	13.2
1077	8.4
1078	10.06
1079	-0.7732
1080	1.663
1081	23.5
1082	14.28
1083	13.64
1084	4.61
1085	5.986
1086	6.245
1087	4.249
1088	10.01
1089	4.132
1090	22.12
1091	-0.1111
1092	14.89
1093	18.39
1094	4.313
1095	0.09902
1096	15.85
1097	-6.193
1098	17.0
1099	3.968
1100	4.277
1101	7.975
1102	13.1
1103	-2.216
1104	8.269
1105	16.97
1106	3.303
1107	7.534
1108	-14.96
1109	13.28
1110	14.05
1111	18.65
1112	7.017
1113	7.348
1114	11.66
1115	6.441
1116	9.022
1117	5.027
1118	11.08
1119	6.922
1120	7.422
1121	3.669
1122	6.579
1123	17.39
1124	4.397
1125	11.47
1126	12.17
1127	7.357
1128	0.3997
1129	6.534
1130	0.4338
1131	-0.1476
1132	11.91
1133	5.934
1134	4.903
1135	9.843
1136	8.456
1137	-6.607
1138	16.83
1139	-12.62
1140	19.17
1141	9.004
1142	6.745
1143	4.562
1144	-2.287
1145	-8.019
1146	0.6825
1147	5.437
1148	15.58
1149	8.21
1150	-3.281
1151	4.639
1152	8.75
1153	15.86
1154	4.791
1155	6.022
1156	4.014
1157	-4.509
1158	-7.912
1159	-3.03
1160	2.943
1161	-3.815
1162	9.278
1163	21.37
1164	5.36
1165	6.476
1166	9.643
1167	9.367
1168	9.105
1169	9.501
1170	9.197
1171	9.197
1172	11.65
1173	10.0
1174	13.94
1175	-8.214
1176	13.07
1177	9.494
1178	10.54
1179	2.583
1180	2.521
1181	-5.13
1182	17.01
1183	8.667
1184	12.08
1185	-2.349
1186	25.16
1187	15.69
1188	-6.059
1189	17.61
1190	17.56
1191	5.936
1192	10.77
1193	3.353
1194	4.151
1195	3.306
1196	6.246
1197	0.4395
1198	6.115
1199	6.316
1200	10.81
1201	9.469
1202	10.88
1203	13.94
1204	20.76
1205	19.09
1206	14.72
1207	16.14
1208	7.723
1209	21.49
1210	17.69
1211	1.842
1212	5.177
1213	4.546
1214	2.785
1215	4.089
1216	10.18
1217	9.316
1218	-0.9091
1219	7.145
1220	23.16
1221	24.61
1222	17.09
1223	0.2948
1224	12.56
1225	-2.76
1226	0.8692
1227	15.59
1228	14.09
1229	15.6
1230	6.364
1231	3.028
1232	5.859
1233	16.42
1234	25.14
1235	11.62
1236	13.65
1237	16.43
1238	18.98
1239	7.187
1240	3.818
1241	17.44
1242	6.947
1243	13.58
1244	12.33
1245	13.27
1246	10.25
1247	8.408
1248	7.568
1249	18.61
1250	9.967
1251	7.069
1252	10.53
1253	17.67
1254	-3.104
1255	14.35
1256	0.1189
1257	15.41
1258	12.27
1259	10.16
1260	10.32
1261	11.05
1262	11.76
1263	8.874
1264	4.682
1265	0.4467
1266	5.999
1267	6.358
1268	15.0
1269	5.558
1270	3.826
1271	-1.22
1272	-0.1685
1273	1.32
1274	8.18
1275	16.35
1276	6.575
1277	0.5325
1278	8.944
1279	25.85
1280	2.117
1281	10.31
1282	8.12
1283	3.219
1284	0.5054
1285	16.49
1286	6.648
1287	17.46
1288	21.3
1289	10.26
1290	-3.33
1291	3.712
1292	-4.187
1293	18.6
1294	5.958
1295	8.628
1296	10.74
1297	9.849
1298	-3.911
1299	6.272
1300	7.494
1301	3.902
1302	7.606
1303	2.598
1304	-4.329
1305	-0.4037
1306	11.63
1307	16.64
1308	13.9
1309	22.74
1310	3.782
1311	5.323
1312	6.612
1313	22.18
1314	-3.019
1315	6.471
1316	11.64
1317	4.399
1318	10.86
1319	15.18
1320	18.84
1321	14.14
1322	12.46
1323	17.47
1324	25.91
1325	14.23
1326	-0.7051
1327	5.359
1328	6.387
1329	-5.113
1330	15.21
1331	5.031
1332	10.5
1333	8.077
1334	7.439
1335	7.306
1336	7.402
1337	7.41
1338	7.427
1339	7.033
1340	6.656
1341	5.967
1342	8.199
1343	7.436
1344	7.275
1345	11.68
1346	21.55
1347	9.752
1348	13.86
1349	8.803
1350	19.74
1351	13.63
1352	8.857
1353	8.201
1354	9.006
1355	8.834
1356	9.117
1357	8.854
1358	7.602
1359	5.213
1360	7.096
1361	18.57
1362	12.87
1363	14.1
1364	11.79
1365	9.117
1366	12.27
1367	5.616
1368	8.8
1369	11.95
1370	7.257
1371	6.645
1372	7.966
1373	5.645
1374	7.727
1375	7.547
1376	7.61
1377	7.722
1378	7.592
1379	7.761
1380	8.173
1381	8.088
1382	7.988
1383	7.411
1384	7.48
1385	7.384
1386	7.278
1387	7.774
1388	-3.137
1389	24.86
1390	2.212
1391	12.88
1392	4.718
1393	3.042
1394	7.787
1395	14.35
1396	14.32
1397	21.35
1398	14.01
1399	16.45
1400	19.84
1401	8.508
1402	10.8
1403	22.29
1404	16.17
1405	-4.933
1406	5.794
1407	8.574
1408	10.67
1409	11.37
1410	11.25
1411	11.4
1412	14.26
1413	11.44
1414	11.52
1415	14.85
1416	14.9
1417	7.713
1418	-1.25
1419	13.27
1420	2.469
1421	5.286
1422	3.33
1423	9.553
1424	14.71
1425	11.91
1426	8.44
1427	17.62
1428	12.33
1429	10.96
1430	5.034
1431	-1.872
1432	3.13
1433	15.85
1434	2.803
1435	11.36
1436	18.56
1437	15.84
1438	-4.556
1439	29.66
1440	12.26
1441	-15.95
1442	8.84
1443	14.07
1444	1.404
1445	13.44
1446	11.99
1447	15.75
1448	13.92
1449	-11.37
1450	16.68
1451	7.982
1452	11.07
1453	28.39
1454	7.954
1455	19.76
1456	16.78
1457	10.28
1458	3.904
1459	17.19
1460	-5.398
1461	12.73
1462	10.44
1463	-4.46
1464	11.61
1465	22.61
1466	10.35
1467	-3.09
1468	6.825
1469	0.3602
1470	2.48
1471	20.87
1472	38.0
1473	-5.845
1474	9.184
1475	2.709
1476	2.26
1477	5.444
1478	4.257
1479	6.966
1480	7.032
1481	7.0
1482	6.944
1483	8.175
1484	13.21
1485	3.658
1486	2.169
1487	7.165
1488	9.009
1489	2.554
1490	10.91
1491	10.5
1492	13.4
1493	2.838
1494	0.9286
1495	8.385
1496	16.1
1497	1.665
1498	-5.069
1499	15.21
1500	7.12
