1001	13.21
1002	4.443
1003	3.416
1004	1.548
1005	14.58
1006	5.026
1007	7.0
1008	6.049
1009	6.69
1010	13.85
1011	1.489
1012	14.26
1013	9.826
1014	9.83
1015	2.943
1016	11.32
1017	-0.07651
1018	10.3
1019	7.775
1020	12.34
1021	12.2
1022	11.89
1023	13.0
1024	11.18
1025	13.81
1026	9.624
1027	10.84
1028	2.052
1029	7.722
1030	4.691
1031	5.029
1032	5.229
1033	12.95
1034	13.68
1035	7.07
1036	21.21
1037	13.22
1038	10.25
1039	11.55
1040	9.339
1041	0.1883
1042	-0.782
1043	0.5362
1044	0.4761
1045	11.87
1046	11.9
1047	14.0
1048	14.57
1049	12.66
1050	12.35
1051	0.7225
1052	19.73
1053	1.745
1054	6.521
1055	7.399
1056	5.712
1057	3.247
1058	4.519
1059	6.508
1060	5.653
1061	-1.649
1062	6.955
1063	12.17
1064	4.964
1065	9.235
1066	10.81
1067	11.42
1068	10.91
1069	13.71
1070	12.83
1071	10.3
1072	8.417
1073	7.001
1074	9.208
1075	-1.332
1076	5.162
1077	6.391
1078	6.964
1079	2.409
1080	19.62
1081	5.733
1082	7.29
1083	12.12
1084	12.37
1085	5.522
1086	0.8244
1087	2.801
1088	3.863
1089	5.887
1090	4.372
1091	4.675
1092	7.776
1093	5.071
1094	10.88
1095	18.63
1096	10.17
1097	11.76
1098	7.985
1099	1.119
1100	14.69
1101	12.53
1102	4.811
1103	7.042
1104	13.89
1105	2.062
1106	11.81
1107	9.784
1108	22.77
1109	11.9
1110	9.549
1111	8.125
1112	7.105
1113	10.16
1114	2.147
1115	1.501
1116	10.57
1117	12.46
1118	9.053
1119	6.837
1120	12.11
1121	-2.912
1122	10.24
1123	14.33
1124	12.62
1125	8.248
1126	8.507
1127	13.85
1128	14.14
1129	-0.8974
1130	7.468
1131	8.553
1132	11.8
1133	12.92
1134	16.7
1135	16.84
1136	1.954
1137	12.14
1138	17.81
1139	6.55
1140	3.844
1141	4.783
1142	12.15
1143	9.731
1144	8.142
1145	-2.092
1146	-2.019
1147	7.175
1148	6.118
1149	2.708
1150	4.68
1151	10.29
1152	10.43
1153	8.54
1154	9.347
1155	9.859
1156	4.675
1157	-0.251
1158	9.84
1159	11.28
1160	14.1
1161	4.994
1162	7.395
1163	3.576
1164	15.32
1165	16.6
1166	16.03
1167	13.68
1168	13.48
1169	9.737
1170	17.8
1171	13.43
1172	5.54
1173	5.41
1174	4.801
1175	16.06
1176	4.188
1177	3.959
1178	5.365
1179	5.623
1180	2.081
1181	-0.8988
1182	1.471
1183	3.485
1184	0.1676
1185	11.42
1186	8.775
1187	9.95
1188	31.44
1189	16.68
1190	-0.24
1191	-0.7706
1192	9.172
1193	10.64
1194	8.477
1195	9.372
1196	12.13
1197	18.03
1198	9.87
1199	5.744
1200	8.367
1201	11.13
1202	10.57
1203	11.54
1204	10.39
1205	11.65
1206	5.321
1207	5.073
1208	8.518
1209	6.075
1210	6.54
1211	4.37
1212	0.2182
1213	12.98
1214	7.992
1215	7.306
1216	8.302
1217	4.866
1218	12.25
1219	8.505
1220	6.666
1221	6.796
1222	4.008
1223	6.947
1224	0.1078
1225	3.834
1226	7.155
1227	0.8815
1228	-1.532
1229	6.088
1230	2.421
1231	3.718
1232	2.861
1233	-2.471
1234	1.136
1235	12.86
1236	13.49
1237	10.77
1238	2.426
1239	8.17
1240	20.55
1241	9.256
1242	12.66
1243	5.914
1244	12.57
1245	7.382
1246	10.1
1247	10.88
1248	14.95
1249	17.68
1250	10.7
1251	5.994
1252	9.214
1253	8.931
1254	12.19
1255	9.931
1256	10.99
1257	8.596
1258	4.829
1259	10.72
1260	3.714
1261	5.265
1262	3.572
1263	4.546
1264	3.252
1265	-3.355
1266	9.011
1267	5.998
1268	7.172
1269	9.013
1270	7.474
1271	5.595
1272	13.89
1273	10.82
1274	18.18
1275	5.002
1276	4.611
1277	9.764
1278	6.106
1279	10.71
1280	7.353
1281	3.306
1282	-2.421
1283	10.37
1284	5.797
1285	18.27
1286	9.04
1287	18.64
1288	7.151
1289	9.774
1290	2.183
1291	8.17
1292	15.06
1293	4.382
1294	8.998
1295	11.15
1296	10.67
1297	3.34
1298	9.958
1299	8.918
1300	2.455
1301	6.72
1302	6.454
1303	11.04
1304	10.79
1305	8.192
1306	1.334
1307	2.741
1308	7.021
1309	5.754
1310	1.154
1311	1.714
1312	6.719
1313	7.489
1314	-1.412
1315	11.35
1316	19.96
1317	11.27
1318	14.72
1319	11.39
1320	4.38
1321	6.449
1322	3.649
1323	5.2
1324	5.126
1325	10.85
1326	9.776
1327	6.876
1328	13.82
1329	17.34
1330	7.808
1331	6.173
1332	3.512
1333	5.912
1334	7.098
1335	6.113
1336	5.88
1337	5.922
1338	5.894
1339	4.694
1340	4.81
1341	7.875
1342	15.2
1343	3.872
1344	2.045
1345	4.405
1346	5.593
1347	8.026
1348	3.824
1349	5.449
1350	5.727
1351	5.819
1352	5.791
1353	5.753
1354	5.68
1355	5.884
1356	6.809
1357	11.44
1358	3.781
1359	10.45
1360	5.736
1361	3.314
1362	4.18
1363	5.664
1364	11.41
1365	10.26
1366	3.896
1367	3.779
1368	3.317
1369	3.171
1370	3.279
1371	2.64
1372	-1.076
1373	6.583
1374	10.33
1375	8.609
1376	13.17
1377	14.35
1378	3.559
1379	8.591
1380	7.482
1381	2.282
1382	9.377
1383	9.951
1384	5.154
1385	16.31
1386	5.969
1387	5.89
1388	8.716
1389	11.05
1390	7.675
1391	4.476
1392	7.632
1393	7.012
1394	3.734
1395	9.354
1396	1.78
1397	10.94
1398	6.855
1399	7.266
1400	12.16
1401	1.485
1402	9.823
1403	8.165
1404	9.547
1405	7.232
1406	0.8474
1407	8.564
1408	11.45
1409	13.96
1410	10.8
1411	16.47
1412	14.91
1413	2.184
1414	3.07
1415	7.634
1416	6.773
1417	7.664
1418	16.37
1419	11.31
1420	12.49
1421	7.063
1422	6.898
1423	6.547
1424	7.339
1425	8.446
1426	6.934
1427	9.293
1428	5.87
1429	7.956
1430	9.834
1431	11.76
1432	14.51
1433	15.74
1434	7.803
1435	13.17
1436	1.622
1437	15.85
1438	7.074
1439	5.222
1440	5.231
1441	5.348
1442	-2.799
1443	4.849
1444	2.969
1445	8.993
1446	1.645
1447	14.18
1448	17.52
1449	9.068
1450	0.9463
1451	8.096
1452	5.472
1453	5.713
1454	18.87
1455	6.957
1456	9.576
1457	-1.953
1458	-1.575
1459	-2.575
1460	-0.6077
1461	2.093
1462	0.9654
1463	10.68
1464	8.917
1465	9.348
1466	14.77
1467	13.87
1468	11.97
1469	11.42
1470	11.37
1471	12.02
1472	16.79
1473	14.49
1474	7.152
1475	8.063
1476	12.0
1477	6.098
1478	12.32
1479	15.86
1480	7.831
1481	6.785
1482	-1.165
1483	6.185
1484	6.223
1485	-1.261
1486	8.116
1487	2.184
1488	9.136
1489	18.08
1490	3.42
1491	-0.1837
1492	5.213
1493	5.426
1494	4.63
1495	10.3
1496	3.559
1497	6.48
1498	5.109
1499	3.229
1500	12.86
1001	18.42
1002	8.094
1003	5.629
1004	6.601
1005	2.626
1006	2.488
1007	3.728
1008	1.161
1009	3.521
1010	3.801
1011	7.409
1012	10.4
1013	9.203
1014	9.966
1015	5.578
1016	5.523
1017	9.832
1018	9.708
1019	8.85
1020	1.814
1021	0.3692
1022	0.4719
1023	1.929
1024	3.812
1025	5.22
1026	6.054
1027	7.612
1028	11.48
1029	3.089
1030	12.45
1031	3.542
1032	2.214
1033	7.43
1034	5.301
1035	5.473
1036	4.25
1037	1.425
1038	1.896
1039	4.908
1040	7.24
1041	7.774
1042	2.845
1043	6.962
1044	3.815
1045	3.605
1046	1.336
1047	7.567
1048	2.285
1049	1.899
1050	13.5
1051	17.26
1052	5.2
1053	9.836
1054	7.768
1055	5.148
1056	7.145
1057	2.307
1058	1.458
1059	2.217
1060	2.967
1061	14.47
1062	2.599
1063	3.331
1064	8.243
1065	2.489
1066	2.199
1067	12.41
1068	4.941
1069	2.925
1070	0.853
1071	3.774
1072	6.652
1073	7.61
1074	11.76
1075	10.25
1076	2.896
1077	4.714
1078	9.891
1079	5.249
1080	5.139
1081	4.547
1082	7.477
1083	8.338
1084	3.783
1085	6.369
1086	7.649
1087	9.181
1088	4.51
1089	3.201
1090	0.5099
1091	0.326
1092	5.852
1093	7.927
1094	3.99
1095	14.78
1096	7.568
1097	14.68
1098	7.785
1099	9.113
1100	2.01
1101	9.889
1102	4.522
1103	5.419
1104	15.52
1105	8.193
1106	8.877
1107	3.669
1108	13.6
1109	6.717
1110	2.012
1111	3.448
1112	3.847
1113	3.689
1114	9.969
1115	6.682
1116	6.81
1117	14.74
1118	11.07
1119	20.58
1120	11.34
1121	13.44
1122	10.81
1123	6.573
1124	9.225
1125	6.992
1126	3.728
1127	9.476
1128	5.726
1129	3.657
1130	13.52
1131	10.65
1132	9.96
1133	0.9094
1134	6.682
1135	16.12
1136	16.0
1137	7.303
1138	16.5
1139	10.08
1140	5.784
1141	3.251
1142	7.135
1143	16.86
1144	9.397
1145	8.643
1146	2.079
1147	3.85
1148	4.507
1149	1.63
1150	4.75
1151	10.1
1152	6.116
1153	8.788
1154	6.045
1155	1.525
1156	2.235
1157	4.935
1158	6.405
1159	11.72
1160	12.79
1161	16.13
1162	4.573
1163	2.536
1164	6.933
1165	1.528
1166	1.314
1167	3.89
1168	10.49
1169	11.19
1170	5.087
1171	5.725
1172	8.069
1173	4.196
1174	9.992
1175	11.46
1176	8.914
1177	6.253
1178	10.08
1179	8.322
1180	3.648
1181	13.52
1182	1.109
1183	1.456
1184	5.088
1185	4.663
1186	8.256
1187	4.44
1188	25.58
1189	11.72
1190	9.671
1191	13.19
1192	7.247
1193	10.21
1194	8.014
1195	4.396
1196	2.203
1197	14.24
1198	4.565
1199	1.905
1200	2.621
1201	1.967
1202	0.2083
1203	0.7367
1204	0.9283
1205	1.719
1206	12.11
1207	17.34
1208	13.6
1209	3.471
1210	1.36
1211	15.5
1212	8.271
1213	15.37
1214	12.2
1215	4.511
1216	5.975
1217	11.72
1218	14.14
1219	5.623
1220	3.221
1221	4.348
1222	7.908
1223	5.578
1224	1.7
1225	4.273
1226	20.65
1227	3.797
1228	3.194
1229	4.382
1230	4.266
1231	5.051
1232	7.259
1233	1.75
1234	6.074
1235	6.669
1236	6.307
1237	9.056
1238	11.82
1239	13.24
1240	12.46
1241	6.019
1242	3.679
1243	3.181
1244	5.06
1245	2.693
1246	5.836
1247	4.706
1248	6.353
1249	9.748
1250	4.576
1251	5.247
1252	2.551
1253	0.9138
1254	2.769
1255	0.7119
1256	2.288
1257	2.451
1258	3.21
1259	5.017
1260	2.148
1261	1.557
1262	2.477
1263	3.914
1264	3.009
1265	6.091
1266	7.693
1267	1.148
1268	3.517
1269	1.7
1270	3.211
1271	7.035
1272	4.991
1273	4.13
1274	16.04
1275	12.99
1276	8.502
1277	8.522
1278	6.317
1279	5.445
1280	6.205
1281	2.398
1282	7.674
1283	9.026
1284	1.998
1285	19.5
1286	3.324
1287	2.247
1288	4.953
1289	5.059
1290	3.807
1291	4.97
1292	11.0
1293	2.844
1294	7.86
1295	8.467
1296	13.02
1297	18.26
1298	7.095
1299	12.15
1300	7.688
1301	3.655
1302	2.148
1303	3.745
1304	1.445
1305	2.793
1306	3.814
1307	2.72
1308	3.726
1309	5.313
1310	4.459
1311	9.644
1312	4.466
1313	5.033
1314	14.76
1315	1.899
1316	7.074
1317	28.59
1318	5.399
1319	5.019
1320	12.19
1321	3.381
1322	0.8234
1323	0.5533
1324	1.964
1325	4.094
1326	3.905
1327	16.24
1328	11.4
1329	9.708
1330	4.866
1331	5.3
1332	1.557
1333	1.067
1334	1.169
1335	0.7768
1336	0.2113
1337	0.04032
1338	0.1635
1339	1.004
1340	2.286
1341	2.05
1342	3.598
1343	11.6
1344	3.219
1345	1.261
1346	1.793
1347	2.971
1348	2.957
1349	0.4271
1350	0.5128
1351	0.1398
1352	0.06534
1353	0.1172
1354	0.06644
1355	0.1983
1356	2.772
1357	2.728
1358	19.76
1359	7.743
1360	4.733
1361	2.612
1362	2.757
1363	26.06
1364	10.89
1365	2.935
1366	2.649
1367	0.431
1368	0.2451
1369	0.1505
1370	0.1953
1371	0.5262
1372	4.494
1373	11.52
1374	2.125
1375	1.814
1376	2.459
1377	1.023
1378	8.544
1379	7.539
1380	3.328
1381	2.677
1382	18.57
1383	6.695
1384	6.648
1385	6.936
1386	5.47
1387	3.796
1388	8.121
1389	4.436
1390	10.52
1391	22.86
1392	3.925
1393	8.674
1394	7.155
1395	19.87
1396	14.52
1397	18.52
1398	2.475
1399	0.8021
1400	6.285
1401	10.01
1402	0.55
1403	2.805
1404	1.359
1405	1.989
1406	3.257
1407	3.074
1408	7.541
1409	6.271
1410	1.472
1411	6.38
1412	9.151
1413	6.267
1414	4.679
1415	1.725
1416	0.4949
1417	0.6259
1418	9.059
1419	1.27
1420	2.973
1421	3.082
1422	2.525
1423	0.6478
1424	1.907
1425	3.294
1426	5.417
1427	1.486
1428	2.853
1429	4.227
1430	1.016
1431	0.917
1432	1.423
1433	2.93
1434	12.41
1435	12.95
1436	9.436
1437	12.75
1438	2.593
1439	5.935
1440	7.576
1441	3.687
1442	18.89
1443	8.358
1444	10.06
1445	7.126
1446	10.84
1447	6.841
1448	7.851
1449	5.579
1450	5.969
1451	1.903
1452	1.104
1453	1.744
1454	11.9
1455	2.197
1456	4.887
1457	1.096
1458	0.6165
1459	0.3738
1460	2.609
1461	2.086
1462	3.469
1463	4.738
1464	2.66
1465	2.491
1466	2.347
1467	1.773
1468	2.564
1469	10.97
1470	8.143
1471	2.349
1472	3.807
1473	4.359
1474	4.405
1475	5.725
1476	9.444
1477	20.89
1478	6.152
1479	5.772
1480	5.574
1481	9.821
1482	18.62
1483	4.682
1484	4.417
1485	12.65
1486	9.166
1487	19.58
1488	2.436
1489	5.075
1490	4.657
1491	12.23
1492	2.712
1493	2.717
1494	8.868
1495	10.18
1496	5.396
1497	5.82
1498	4.462
1499	4.338
1500	3.936
1001	17.01
1002	5.102
1003	0.1729
1004	10.89
1005	22.07
1006	5.125
1007	8.334
1008	6.661
1009	11.2
1010	19.49
1011	1.847
1012	14.82
1013	11.59
1014	14.05
1015	4.734
1016	14.92
1017	12.97
1018	8.384
1019	17.29
1020	15.16
1021	12.68
1022	12.37
1023	12.83
1024	13.6
1025	4.959
1026	9.71
1027	13.84
1028	9.791
1029	9.183
1030	16.4
1031	7.431
1032	4.943
1033	19.09
1034	8.226
1035	19.58
1036	20.96
1037	15.73
1038	6.856
1039	1.854
1040	19.21
1041	-3.523
1042	-1.845
1043	0.8616
1044	5.935
1045	14.49
1046	12.75
1047	18.52
1048	14.01
1049	11.7
1050	28.15
1051	8.593
1052	22.07
1053	5.966
1054	14.02
1055	21.27
1056	2.539
1057	5.835
1058	5.5
1059	9.983
1060	10.81
1061	10.08
1062	10.08
1063	11.29
1064	12.79
1065	9.697
1066	12.88
1067	22.34
1068	10.17
1069	13.85
1070	13.14
1071	10.02
1072	12.51
1073	7.778
1074	-10.3
1075	24.17
1076	7.906
1077	9.154
1078	27.33
1079	4.778
1080	31.13
1081	12.33
1082	2.423
1083	5.18
1084	16.42
1085	2.652
1086	9.84
1087	5.424
1088	10.23
1089	7.655
1090	4.112
1091	4.292
1092	5.786
1093	13.57
1094	18.47
1095	1.944
1096	18.24
1097	28.33
1098	14.28
1099	6.729
1100	14.54
1101	9.965
1102	3.908
1103	15.53
1104	31.36
1105	10.8
1106	19.68
1107	3.966
1108	19.16
1109	19.18
1110	10.8
1111	7.831
1112	6.53
1113	9.082
1114	-1.682
1115	9.659
1116	9.154
1117	11.99
1118	16.6
1119	22.43
1120	33.75
1121	16.14
1122	26.0
1123	14.98
1124	24.08
1125	19.33
1126	12.49
1127	21.49
1128	12.13
1129	3.536
1130	7.665
1131	2.831
1132	9.832
1133	12.64
1134	14.27
1135	44.36
1136	17.05
1137	15.85
1138	22.07
1139	6.486
1140	20.7
1141	10.23
1142	5.784
1143	28.71
1144	17.91
1145	-0.5668
1146	2.439
1147	7.92
1148	8.709
1149	3.452
1150	10.27
1151	22.75
1152	6.782
1153	20.88
1154	-0.7328
1155	9.225
1156	5.169
1157	11.24
1158	16.45
1159	8.225
1160	26.94
1161	-1.162
1162	6.592
1163	3.287
1164	26.62
1165	17.13
1166	14.49
1167	16.55
1168	13.06
1169	14.37
1170	14.21
1171	8.572
1172	3.319
1173	2.857
1174	4.191
1175	16.45
1176	13.25
1177	4.966
1178	25.69
1179	5.741
1180	5.893
1181	21.02
1182	0.612
1183	5.556
1184	1.867
1185	12.22
1186	21.2
1187	7.781
1188	25.54
1189	11.8
1190	-5.63
1191	12.3
1192	22.66
1193	18.73
1194	13.94
1195	13.84
1196	10.56
1197	30.08
1198	6.767
1199	2.963
1200	7.845
1201	11.67
1202	10.35
1203	12.29
1204	11.56
1205	15.45
1206	14.67
1207	21.78
1208	3.732
1209	10.21
1210	9.233
1211	-3.695
1212	19.93
1213	28.3
1214	24.05
1215	14.99
1216	6.105
1217	22.39
1218	12.78
1219	16.13
1220	-1.574
1221	8.862
1222	2.922
1223	-3.54
1224	3.452
1225	3.374
1226	13.14
1227	10.07
1228	3.511
1229	8.445
1230	2.407
1231	5.052
1232	4.73
1233	-2.06
1234	12.58
1235	19.09
1236	18.57
1237	10.35
1238	3.069
1239	32.92
1240	25.02
1241	12.37
1242	17.8
1243	5.963
1244	14.86
1245	5.189
1246	14.2
1247	14.42
1248	13.93
1249	23.02
1250	13.99
1251	13.5
1252	9.91
1253	9.325
1254	11.84
1255	9.139
1256	11.18
1257	6.239
1258	9.765
1259	15.36
1260	1.375
1261	5.738
1262	0.539
1263	-1.383
1264	3.91
1265	1.759
1266	22.42
1267	6.808
1268	4.785
1269	10.49
1270	3.45
1271	7.595
1272	21.42
1273	10.97
1274	42.2
1275	14.34
1276	11.55
1277	12.58
1278	11.74
1279	7.685
1280	3.128
1281	1.793
1282	15.12
1283	3.261
1284	7.33
1285	23.34
1286	13.29
1287	15.61
1288	11.6
1289	7.104
1290	-0.5614
1291	4.273
1292	31.42
1293	1.408
1294	6.402
1295	-0.7381
1296	6.855
1297	26.18
1298	14.53
1299	17.82
1300	14.17
1301	8.244
1302	7.891
1303	4.972
1304	9.779
1305	10.66
1306	4.633
1307	8.298
1308	6.099
1309	4.9
1310	-1.529
1311	-9.192
1312	12.11
1313	3.443
1314	25.66
1315	13.78
1316	21.97
1317	25.9
1318	16.07
1319	18.16
1320	18.14
1321	0.7872
1322	4.046
1323	6.227
1324	5.694
1325	16.59
1326	18.07
1327	14.43
1328	29.75
1329	22.21
1330	9.351
1331	-0.2138
1332	5.665
1333	5.403
1334	5.104
1335	6.529
1336	6.06
1337	5.996
1338	5.896
1339	5.63
1340	1.719
1341	8.368
1342	18.34
1343	36.89
1344	0.7577
1345	4.947
1346	5.425
1347	9.471
1348	0.6823
1349	4.521
1350	5.643
1351	5.47
1352	5.713
1353	5.714
1354	5.611
1355	6.237
1356	9.023
1357	13.72
1358	8.607
1359	12.43
1360	7.271
1361	4.653
1362	0.4434
1363	37.88
1364	11.22
1365	12.55
1366	5.172
1367	3.62
1368	3.202
1369	3.212
1370	3.115
1371	2.94
1372	3.848
1373	7.641
1374	15.98
1375	9.674
1376	13.77
1377	14.59
1378	-1.585
1379	23.77
1380	8.238
1381	3.638
1382	27.37
1383	4.532
1384	18.17
1385	13.72
1386	12.16
1387	13.23
1388	6.419
1389	14.51
1390	15.15
1391	18.49
1392	8.34
1393	8.079
1394	-2.054
1395	17.98
1396	8.549
1397	7.682
1398	3.898
1399	7.641
1400	4.686
1401	15.85
1402	9.048
1403	14.18
1404	10.61
1405	9.289
1406	3.377
1407	7.804
1408	11.48
1409	13.91
1410	10.99
1411	16.52
1412	10.39
1413	11.39
1414	4.056
1415	6.808
1416	6.742
1417	7.465
1418	20.92
1419	12.35
1420	13.07
1421	5.762
1422	9.142
1423	6.826
1424	8.533
1425	2.923
1426	12.95
1427	10.02
1428	7.666
1429	4.963
1430	8.623
1431	11.45
1432	13.59
1433	17.04
1434	16.95
1435	22.54
1436	18.68
1437	23.48
1438	7.174
1439	6.65
1440	15.97
1441	-0.5691
1442	13.78
1443	20.64
1444	9.897
1445	8.558
1446	16.02
1447	12.62
1448	11.79
1449	7.877
1450	4.429
1451	9.449
1452	3.18
1453	7.41
1454	44.29
1455	6.538
1456	11.87
1457	-1.695
1458	-2.379
1459	-2.533
1460	-1.868
1461	0.01091
1462	7.876
1463	6.642
1464	7.554
1465	10.48
1466	13.0
1467	13.01
1468	16.33
1469	22.53
1470	9.722
1471	13.79
1472	14.15
1473	9.113
1474	7.775
1475	13.18
1476	14.5
1477	21.53
1478	16.63
1479	18.97
1480	11.3
1481	15.41
1482	34.92
1483	18.34
1484	4.942
1485	1.123
1486	8.23
1487	10.57
1488	7.202
1489	17.59
1490	3.301
1491	0.7466
1492	6.359
1493	1.472
1494	18.05
1495	30.18
1496	1.683
1497	6.46
1498	8.756
1499	3.567
1500	14.2
1001	3.397
1002	5.744
1003	3.429
1004	1.328
1005	10.63
1006	2.857
1007	9.614
1008	5.041
1009	3.191
1010	14.68
1011	-5.418
1012	6.239
1013	21.63
1014	15.4
1015	3.045
1016	10.94
1017	-7.932
1018	17.58
1019	6.615
1020	12.46
1021	12.35
1022	11.6
1023	12.89
1024	17.29
1025	16.14
1026	16.77
1027	17.64
1028	-10.32
1029	7.014
1030	-3.763
1031	5.356
1032	5.82
1033	0.5417
1034	10.88
1035	9.641
1036	14.99
1037	13.11
1038	12.64
1039	10.12
1040	10.67
1041	13.29
1042	-4.076
1043	7.236
1044	2.351
1045	13.75
1046	14.06
1047	8.143
1048	14.21
1049	13.92
1050	-2.103
1051	14.5
1052	14.66
1053	-2.787
1054	4.36
1055	7.681
1056	5.204
1057	5.81
1058	3.087
1059	9.868
1060	4.508
1061	17.46
1062	8.379
1063	18.74
1064	0.6464
1065	8.68
1066	8.547
1067	3.705
1068	12.6
1069	9.933
1070	11.61
1071	10.27
1072	-0.5087
1073	12.21
1074	12.56
1075	-3.303
1076	8.764
1077	-3.184
1078	14.18
1079	7.758
1080	13.44
1081	1.241
1082	1.81
1083	6.683
1084	7.015
1085	11.02
1086	7.511
1087	10.19
1088	6.159
1089	3.06
1090	4.781
1091	4.003
1092	18.6
1093	12.75
1094	11.19
1095	9.141
1096	8.518
1097	13.54
1098	3.138
1099	9.866
1100	16.53
1101	14.36
1102	6.101
1103	5.521
1104	0.3858
1105	9.922
1106	8.595
1107	12.23
1108	14.27
1109	9.246
1110	10.95
1111	13.03
1112	2.634
1113	4.747
1114	9.8
1115	7.436
1116	0.2034
1117	1.357
1118	3.877
1119	0.2207
1120	22.16
1121	2.762
1122	1.423
1123	11.05
1124	14.15
1125	5.308
1126	2.692
1127	9.827
1128	4.935
1129	0.2128
1130	4.269
1131	9.209
1132	11.46
1133	13.83
1134	18.02
1135	9.9
1136	3.236
1137	14.23
1138	12.71
1139	2.893
1140	2.616
1141	7.768
1142	6.595
1143	5.439
1144	5.733
1145	-0.5174
1146	-1.841
1147	11.27
1148	10.65
1149	5.568
1150	13.33
1151	12.7
1152	12.84
1153	4.145
1154	7.891
1155	8.189
1156	7.233
1157	-3.252
1158	9.426
1159	0.6873
1160	4.561
1161	5.169
1162	0.3049
1163	4.595
1164	18.49
1165	15.39
1166	15.79
1167	12.61
1168	2.821
1169	12.62
1170	13.87
1171	5.826
1172	5.559
1173	6.319
1174	-0.3545
1175	13.99
1176	-1.935
1177	8.807
1178	-5.817
1179	5.371
1180	1.982
1181	8.119
1182	1.563
1183	5.005
1184	-3.277
1185	11.72
1186	16.56
1187	13.46
1188	22.67
1189	20.74
1190	1.565
1191	5.906
1192	13.96
1193	6.126
1194	20.59
1195	11.42
1196	11.12
1197	12.31
1198	12.55
1199	3.779
1200	7.878
1201	12.53
1202	10.57
1203	10.52
1204	11.53
1205	14.09
1206	7.039
1207	35.8
1208	14.0
1209	2.45
1210	6.222
1211	0.7987
1212	-1.569
1213	10.67
1214	-4.595
1215	11.7
1216	6.868
1217	2.795
1218	10.5
1219	15.06
1220	5.428
1221	10.16
1222	4.814
1223	16.74
1224	0.1127
1225	6.466
1226	23.2
1227	3.645
1228	-2.036
1229	8.371
1230	-0.4809
1231	8.198
1232	3.904
1233	-1.987
1234	0.6729
1235	12.03
1236	9.475
1237	7.758
1238	17.45
1239	8.045
1240	33.76
1241	13.21
1242	3.31
1243	5.176
1244	9.944
1245	6.894
1246	9.599
1247	9.139
1248	13.89
1249	17.18
1250	10.77
1251	2.439
1252	10.26
1253	8.411
1254	15.35
1255	9.725
1256	7.472
1257	4.675
1258	3.786
1259	11.25
1260	5.008
1261	5.648
1262	8.525
1263	1.694
1264	-2.953
1265	-0.07903
1266	5.334
1267	4.528
1268	2.712
1269	8.266
1270	7.86
1271	0.9959
1272	10.61
1273	9.087
1274	11.59
1275	7.822
1276	8.102
1277	6.412
1278	-4.271
1279	7.866
1280	5.464
1281	4.166
1282	0.8645
1283	22.33
1284	5.048
1285	5.193
1286	5.946
1287	15.56
1288	1.147
1289	2.995
1290	-1.368
1291	8.012
1292	10.54
1293	6.001
1294	9.448
1295	16.41
1296	15.43
1297	-1.94
1298	6.123
1299	3.171
1300	-4.583
1301	7.082
1302	4.295
1303	12.33
1304	8.653
1305	8.334
1306	-1.662
1307	2.046
1308	8.439
1309	11.32
1310	1.725
1311	7.864
1312	11.73
1313	11.57
1314	6.347
1315	11.41
1316	17.34
1317	5.698
1318	16.7
1319	7.126
1320	5.683
1321	3.283
1322	3.505
1323	5.91
1324	6.67
1325	16.1
1326	12.24
1327	-2.159
1328	13.9
1329	4.433
1330	10.14
1331	11.84
1332	2.703
1333	5.861
1334	6.73
1335	7.372
1336	6.003
1337	5.83
1338	6.052
1339	3.668
1340	2.879
1341	6.567
1342	17.39
1343	-1.35
1344	0.5228
1345	4.907
1346	4.696
1347	-2.891
1348	8.858
1349	5.854
1350	6.107
1351	5.676
1352	5.923
1353	5.779
1354	5.704
1355	5.769
1356	8.986
1357	12.73
1358	0.6542
1359	8.846
1360	6.186
1361	-0.07305
1362	2.723
1363	17.67
1364	8.551
1365	13.73
1366	2.853
1367	3.745
1368	3.239
1369	2.97
1370	3.551
1371	1.273
1372	-5.053
1373	13.35
1374	8.108
1375	8.557
1376	11.61
1377	14.32
1378	7.744
1379	9.527
1380	13.01
1381	4.862
1382	26.31
1383	9.765
1384	10.81
1385	15.8
1386	5.373
1387	-0.3239
1388	18.18
1389	9.045
1390	4.359
1391	15.55
1392	6.998
1393	11.87
1394	11.6
1395	10.29
1396	0.2941
1397	5.193
1398	7.466
1399	6.241
1400	3.055
1401	3.247
1402	9.547
1403	7.595
1404	9.346
1405	2.711
1406	-2.417
1407	10.93
1408	4.98
1409	7.744
1410	8.059
1411	14.67
1412	18.9
1413	-0.6082
1414	3.757
1415	6.528
1416	6.923
1417	7.603
1418	13.11
1419	11.62
1420	10.45
1421	4.334
1422	5.965
1423	6.128
1424	6.473
1425	15.44
1426	5.535
1427	9.843
1428	7.175
1429	4.475
1430	9.061
1431	12.47
1432	15.7
1433	14.27
1434	18.85
1435	9.909
1436	11.59
1437	12.85
1438	11.54
1439	10.43
1440	11.67
1441	3.259
1442	1.144
1443	11.73
1444	9.904
1445	10.46
1446	17.2
1447	5.907
1448	16.52
1449	6.443
1450	4.985
1451	6.939
1452	6.964
1453	8.037
1454	14.88
1455	6.291
1456	-1.3
1457	-3.221
1458	-1.438
1459	-3.054
1460	-0.8316
1461	4.777
1462	-2.124
1463	8.957
1464	9.299
1465	8.366
1466	14.06
1467	13.41
1468	16.9
1469	21.09
1470	4.293
1471	11.68
1472	13.23
1473	14.74
1474	7.546
1475	-0.8956
1476	6.048
1477	3.615
1478	13.33
1479	16.03
1480	10.88
1481	16.99
1482	-9.099
1483	4.714
1484	3.508
1485	9.407
1486	2.233
1487	11.57
1488	11.2
1489	17.95
1490	-4.551
1491	5.356
1492	4.848
1493	5.52
1494	3.083
1495	15.92
1496	12.65
1497	10.17
1498	-1.258
1499	-3.029
1500	11.34
1001	18.52
1002	6.066
1003	-2.536
1004	-12.34
1005	8.616
1006	3.321
1007	2.051
1008	7.513
1009	3.366
1010	10.29
1011	3.987
1012	4.519
1013	13.31
1014	15.35
1015	-6.201
1016	15.71
1017	-6.742
1018	6.895
1019	3.915
1020	12.83
1021	11.86
1022	11.51
1023	11.89
1024	15.45
1025	0.3572
1026	8.795
1027	12.22
1028	-17.38
1029	4.514
1030	-4.226
1031	7.569
1032	6.367
1033	8.276
1034	14.75
1035	6.112
1036	20.82
1037	15.21
1038	13.7
1039	7.43
1040	0.2216
1041	16.63
1042	1.489
1043	6.201
1044	0.2747
1045	12.54
1046	11.42
1047	14.62
1048	14.79
1049	9.54
1050	11.56
1051	-17.13
1052	19.63
1053	-4.998
1054	6.23
1055	14.42
1056	17.05
1057	3.95
1058	4.399
1059	8.755
1060	6.677
1061	-5.625
1062	8.916
1063	9.354
1064	8.927
1065	7.129
1066	15.27
1067	-2.733
1068	17.78
1069	13.95
1070	13.13
1071	6.904
1072	9.435
1073	10.14
1074	8.631
1075	5.696
1076	5.565
1077	4.006
1078	-0.3473
1079	6.193
1080	16.47
1081	3.652
1082	9.036
1083	24.98
1084	13.14
1085	-3.424
1086	-6.726
1087	5.576
1088	-3.263
1089	5.216
1090	4.727
1091	4.833
1092	2.116
1093	2.45
1094	9.967
1095	18.38
1096	7.871
1097	-0.1965
1098	3.533
1099	-0.04776
1100	15.23
1101	-2.693
1102	3.409
1103	2.333
1104	3.001
1105	7.53
1106	3.094
1107	14.37
1108	-2.499
1109	15.46
1110	11.61
1111	7.968
1112	5.845
1113	10.45
1114	-5.482
1115	1.342
1116	-0.3945
1117	-12.47
1118	-1.89
1119	6.969
1120	18.58
1121	11.49
1122	25.24
1123	9.277
1124	15.3
1125	6.179
1126	8.216
1127	0.959
1128	11.4
1129	-1.794
1130	12.42
1131	8.543
1132	4.896
1133	12.9
1134	14.12
1135	14.3
1136	-0.5839
1137	5.795
1138	-34.38
1139	11.89
1140	5.26
1141	0.7204
1142	12.63
1143	-7.539
1144	21.44
1145	4.379
1146	-3.328
1147	10.12
1148	-0.03951
1149	2.465
1150	2.933
1151	10.92
1152	10.04
1153	-4.438
1154	4.325
1155	8.835
1156	2.947
1157	-2.91
1158	0.924
1159	26.62
1160	11.33
1161	1.457
1162	4.7
1163	4.405
1164	13.06
1165	14.32
1166	17.15
1167	11.7
1168	9.597
1169	19.95
1170	12.75
1171	5.28
1172	17.12
1173	-0.9594
1174	-6.784
1175	15.91
1176	-5.199
1177	7.715
1178	-1.404
1179	-3.677
1180	-2.011
1181	8.615
1182	-0.3962
1183	4.604
1184	0.9938
1185	12.24
1186	17.11
1187	-1.42
1188	3.644
1189	11.44
1190	8.881
1191	-5.433
1192	4.915
1193	8.141
1194	10.75
1195	10.99
1196	7.757
1197	11.72
1198	1.651
1199	5.469
1200	6.551
1201	10.75
1202	10.96
1203	10.75
1204	10.6
1205	9.913
1206	1.923
1207	6.91
1208	-3.872
1209	6.251
1210	5.83
1211	1.857
1212	10.6
1213	6.754
1214	5.518
1215	10.18
1216	5.054
1217	-2.743
1218	21.6
1219	12.68
1220	3.632
1221	0.95
1222	4.178
1223	5.881
1224	0.8626
1225	7.866
1226	13.92
1227	3.319
1228	0.274
1229	6.3
1230	0.7544
1231	5.425
1232	7.712
1233	0.1925
1234	10.87
1235	10.01
1236	13.53
1237	0.2744
1238	-4.642
1239	6.65
1240	35.27
1241	-0.2429
1242	16.69
1243	12.77
1244	14.01
1245	5.58
1246	7.431
1247	18.88
1248	13.73
1249	12.69
1250	9.384
1251	-5.159
1252	10.92
1253	8.808
1254	13.4
1255	9.241
1256	9.882
1257	13.4
1258	2.657
1259	5.956
1260	4.656
1261	5.821
1262	-1.462
1263	-6.9
1264	0.3484
1265	-4.454
1266	6.972
1267	7.483
1268	7.435
1269	8.979
1270	5.165
1271	0.7708
1272	11.89
1273	7.836
1274	21.82
1275	11.19
1276	-3.128
1277	2.784
1278	7.095
1279	19.15
1280	-2.462
1281	4.286
1282	0.4045
1283	-6.375
1284	5.725
1285	20.99
1286	11.4
1287	21.37
1288	8.028
1289	11.07
1290	2.395
1291	4.146
1292	7.375
1293	4.172
1294	3.437
1295	4.056
1296	18.89
1297	22.47
1298	3.148
1299	3.927
1300	-9.096
1301	10.06
1302	3.995
1303	11.03
1304	10.38
1305	3.648
1306	-3.398
1307	4.917
1308	7.649
1309	0.02313
1310	-0.8717
1311	5.757
1312	3.263
1313	-0.5959
1314	-2.048
1315	10.86
1316	19.7
1317	-3.637
1318	14.76
1319	11.4
1320	-25.27
1321	2.702
1322	2.092
1323	4.329
1324	3.945
1325	14.02
1326	6.167
1327	-15.27
1328	18.52
1329	18.73
1330	5.288
1331	-0.6541
1332	3.554
1333	5.628
1334	8.454
1335	3.92
1336	5.629
1337	5.905
1338	6.025
1339	1.913
1340	5.169
1341	7.931
1342	15.04
1343	12.89
1344	2.482
1345	4.053
1346	6.368
1347	7.402
1348	4.817
1349	6.11
1350	5.675
1351	5.929
1352	5.734
1353	5.718
1354	5.563
1355	5.64
1356	3.212
1357	10.25
1358	8.077
1359	2.049
1360	19.61
1361	-0.4138
1362	1.813
1363	6.56
1364	4.417
1365	8.008
1366	0.9409
1367	4.087
1368	3.236
1369	3.114
1370	3.196
1371	3.025
1372	-0.5826
1373	-5.685
1374	6.421
1375	8.712
1376	14.17
1377	13.61
1378	9.889
1379	-2.993
1380	5.001
1381	-2.143
1382	7.166
1383	7.517
1384	6.616
1385	13.07
1386	-1.308
1387	10.06
1388	-0.1821
1389	13.81
1390	-3.306
1391	-3.372
1392	9.634
1393	12.52
1394	1.723
1395	-6.256
1396	3.059
1397	19.78
1398	7.831
1399	8.607
1400	9.129
1401	-3.248
1402	10.75
1403	4.571
1404	7.507
1405	8.378
1406	3.18
1407	9.3
1408	-2.938
1409	14.45
1410	10.73
1411	14.95
1412	12.44
1413	-1.341
1414	0.8938
1415	6.269
1416	6.845
1417	7.961
1418	9.274
1419	7.902
1420	5.728
1421	7.899
1422	3.156
1423	7.187
1424	7.51
1425	5.385
1426	5.142
1427	11.66
1428	3.209
1429	1.576
1430	9.787
1431	11.37
1432	15.33
1433	20.78
1434	-8.918
1435	-1.694
1436	6.817
1437	-13.5
1438	9.043
1439	3.095
1440	-4.464
1441	5.076
1442	-2.575
1443	9.419
1444	7.517
1445	15.69
1446	-4.738
1447	1.264
1448	-0.074
1449	5.436
1450	-3.004
1451	7.816
1452	4.246
1453	4.93
1454	4.106
1455	7.387
1456	11.65
1457	-2.804
1458	-1.919
1459	-2.397
1460	1.849
1461	-0.8504
1462	2.137
1463	2.682
1464	7.082
1465	11.15
1466	12.63
1467	12.65
1468	14.47
1469	-5.19
1470	1.514
1471	10.54
1472	19.1
1473	9.403
1474	6.433
1475	4.124
1476	4.558
1477	-12.81
1478	17.29
1479	14.04
1480	2.452
1481	15.65
1482	-11.04
1483	7.713
1484	-2.795
1485	5.707
1486	-7.053
1487	-1.627
1488	10.67
1489	17.76
1490	0.06336
1491	-3.354
1492	5.955
1493	9.735
1494	2.7
1495	-10.71
1496	3.082
1497	8.444
1498	4.077
1499	4.772
1500	17.41
1001	18.35
1002	1.911
1003	-5.363
1004	-4.837
1005	14.44
1006	6.715
1007	9.884
1008	6.036
1009	5.729
1010	16.55
1011	-7.434
1012	0.8861
1013	15.31
1014	10.33
1015	0.2091
1016	12.16
1017	-2.807
1018	2.268
1019	2.433
1020	12.59
1021	12.66
1022	12.77
1023	12.89
1024	13.49
1025	11.79
1026	15.24
1027	0.1013
1028	27.8
1029	10.7
1030	1.483
1031	0.9071
1032	6.61
1033	8.21
1034	11.59
1035	10.83
1036	13.89
1037	15.9
1038	11.01
1039	5.807
1040	9.476
1041	-7.44
1042	-4.658
1043	3.539
1044	-4.255
1045	13.28
1046	9.744
1047	12.7
1048	14.58
1049	10.86
1050	2.909
1051	14.79
1052	23.19
1053	1.991
1054	-4.672
1055	2.964
1056	7.783
1057	1.965
1058	7.849
1059	6.361
1060	1.664
1061	14.08
1062	7.397
1063	16.52
1064	21.71
1065	7.397
1066	13.55
1067	1.32
1068	9.587
1069	13.51
1070	12.93
1071	14.87
1072	4.289
1073	1.777
1074	-21.4
1075	5.769
1076	2.237
1077	6.063
1078	11.16
1079	2.978
1080	18.33
1081	6.338
1082	16.09
1083	-2.86
1084	15.82
1085	12.45
1086	6.67
1087	6.332
1088	6.182
1089	4.773
1090	3.931
1091	4.713
1092	16.96
1093	-2.998
1094	15.19
1095	1.428
1096	7.7
1097	-3.122
1098	-1.712
1099	9.872
1100	12.48
1101	5.801
1102	10.18
1103	16.15
1104	21.68
1105	10.45
1106	10.35
1107	2.932
1108	8.105
1109	5.51
1110	11.42
1111	10.31
1112	7.213
1113	13.0
1114	6.114
1115	16.08
1116	8.228
1117	3.637
1118	7.883
1119	1.067
1120	-7.088
1121	8.361
1122	20.97
1123	5.414
1124	16.67
1125	10.1
1126	10.08
1127	17.03
1128	6.291
1129	-1.411
1130	6.366
1131	6.337
1132	12.1
1133	13.74
1134	17.31
1135	-4.868
1136	9.295
1137	7.446
1138	4.297
1139	0.2949
1140	10.31
1141	3.56
1142	16.7
1143	1.576
1144	10.86
1145	4.368
1146	-0.6044
1147	9.625
1148	5.252
1149	0.8004
1150	0.8471
1151	8.779
1152	20.46
1153	10.53
1154	11.05
1155	8.395
1156	4.016
1157	-8.595
1158	14.21
1159	8.158
1160	5.88
1161	16.05
1162	1.985
1163	1.471
1164	14.44
1165	16.73
1166	16.46
1167	10.34
1168	-0.305
1169	4.864
1170	7.821
1171	9.622
1172	-7.842
1173	7.188
1174	2.147
1175	-1.977
1176	-5.107
1177	-1.768
1178	19.57
1179	7.616
1180	2.729
1181	8.597
1182	1.015
1183	2.299
1184	1.35
1185	7.424
1186	10.31
1187	7.123
1188	22.41
1189	8.656
1190	4.886
1191	2.239
1192	10.1
1193	8.153
1194	7.288
1195	6.67
1196	14.12
1197	10.06
1198	6.01
1199	6.889
1200	12.81
1201	12.36
1202	11.0
1203	12.08
1204	8.96
1205	10.83
1206	-0.6644
1207	27.13
1208	3.665
1209	7.739
1210	3.067
1211	-6.553
1212	5.016
1213	-10.63
1214	1.711
1215	8.759
1216	17.94
1217	0.4395
1218	7.46
1219	12.75
1220	10.35
1221	3.949
1222	14.5
1223	5.288
1224	2.413
1225	0.5913
1226	7.57
1227	5.669
1228	-2.859
1229	9.271
1230	6.205
1231	5.904
1232	0.381
1233	-1.793
1234	5.814
1235	4.363
1236	20.21
1237	12.48
1238	1.372
1239	3.128
1240	12.14
1241	12.04
1242	12.42
1243	4.794
1244	14.99
1245	14.59
1246	2.207
1247	11.04
1248	6.974
1249	10.64
1250	14.83
1251	8.273
1252	4.4
1253	9.324
1254	12.4
1255	9.348
1256	15.54
1257	10.39
1258	2.444
1259	5.468
1260	2.33
1261	1.738
1262	1.529
1263	0.346
1264	3.189
1265	-2.821
1266	4.027
1267	4.948
1268	4.491
1269	7.051
1270	5.713
1271	5.834
1272	16.69
1273	10.71
1274	14.08
1275	4.27
1276	16.82
1277	5.232
1278	10.94
1279	13.12
1280	-5.835
1281	8.435
1282	-1.234
1283	7.514
1284	2.1
1285	13.04
1286	8.85
1287	20.8
1288	3.009
1289	9.466
1290	4.397
1291	7.554
1292	13.73
1293	4.415
1294	3.099
1295	17.52
1296	4.311
1297	-5.278
1298	15.37
1299	8.049
1300	13.38
1301	6.238
1302	9.887
1303	8.564
1304	9.586
1305	9.58
1306	-3.304
1307	5.614
1308	12.28
1309	7.696
1310	3.564
1311	4.324
1312	12.47
1313	2.885
1314	-2.508
1315	11.44
1316	10.84
1317	-17.01
1318	19.1
1319	10.73
1320	17.0
1321	8.566
1322	4.842
1323	5.565
1324	7.806
1325	16.45
1326	14.52
1327	7.49
1328	21.51
1329	1.238
1330	13.99
1331	4.737
1332	4.674
1333	7.143
1334	6.49
1335	5.571
1336	6.109
1337	5.91
1338	5.814
1339	2.646
1340	5.096
1341	4.251
1342	12.18
1343	24.65
1344	6.121
1345	4.203
1346	4.552
1347	4.524
1348	8.041
1349	5.523
1350	5.929
1351	6.043
1352	5.835
1353	5.813
1354	5.612
1355	5.795
1356	7.33
1357	10.75
1358	18.69
1359	2.777
1360	0.8264
1361	5.056
1362	5.744
1363	5.382
1364	2.001
1365	7.425
1366	0.7058
1367	4.116
1368	3.278
1369	2.955
1370	3.613
1371	2.633
1372	-1.629
1373	-2.024
1374	12.92
1375	10.43
1376	13.25
1377	14.86
1378	8.579
1379	9.241
1380	7.332
1381	3.462
1382	6.017
1383	10.05
1384	8.15
1385	12.74
1386	6.29
1387	9.143
1388	12.85
1389	19.94
1390	2.299
1391	-0.3501
1392	7.462
1393	3.232
1394	19.17
1395	-0.001183
1396	9.276
1397	18.54
1398	9.693
1399	8.323
1400	9.553
1401	5.079
1402	10.01
1403	7.685
1404	9.342
1405	7.529
1406	2.524
1407	8.486
1408	8.093
1409	7.886
1410	11.37
1411	13.23
1412	14.28
1413	0.2189
1414	3.983
1415	9.143
1416	6.55
1417	7.6
1418	17.33
1419	11.02
1420	11.61
1421	1.497
1422	5.634
1423	5.269
1424	8.661
1425	10.09
1426	3.867
1427	9.751
1428	7.812
1429	10.61
1430	11.52
1431	10.92
1432	15.39
1433	15.61
1434	27.42
1435	19.73
1436	-1.192
1437	14.59
1438	4.316
1439	4.744
1440	0.9163
1441	4.504
1442	-3.667
1443	6.446
1444	9.04
1445	14.26
1446	-1.341
1447	6.351
1448	9.141
1449	11.53
1450	5.9
1451	7.95
1452	6.971
1453	6.376
1454	21.83
1455	4.685
1456	10.8
1457	-2.423
1458	-1.599
1459	-3.297
1460	2.855
1461	-0.2229
1462	-4.924
1463	3.77
1464	8.102
1465	9.935
1466	9.324
1467	11.23
1468	7.049
1469	12.48
1470	10.2
1471	12.6
1472	16.86
1473	11.55
1474	12.06
1475	1.054
1476	12.61
1477	3.598
1478	-1.914
1479	6.905
1480	12.0
1481	2.323
1482	26.29
1483	9.111
1484	9.309
1485	13.01
1486	1.356
1487	0.1781
1488	6.836
1489	14.94
1490	6.578
1491	12.31
1492	-2.012
1493	2.818
1494	0.2147
1495	3.787
1496	-7.748
1497	8.363
1498	2.812
1499	8.182
1500	19.15
1001	1.934
1002	5.629
1003	8.878
1004	1.11
1005	12.71
1006	11.11
1007	2.77
1008	5.692
1009	10.76
1010	15.22
1011	-7.315
1012	-0.08226
1013	3.98
1014	14.24
1015	2.752
1016	7.686
1017	-5.652
1018	16.1
1019	-7.488
1020	11.09
1021	12.09
1022	11.26
1023	11.8
1024	2.746
1025	6.386
1026	3.925
1027	4.914
1028	-1.392
1029	8.005
1030	-15.04
1031	6.727
1032	5.572
1033	6.145
1034	5.373
1035	-2.476
1036	13.99
1037	10.52
1038	9.721
1039	5.006
1040	7.786
1041	1.546
1042	-0.9713
1043	-5.244
1044	2.615
1045	13.65
1046	10.94
1047	6.277
1048	15.45
1049	14.31
1050	0.2513
1051	3.69
1052	15.5
1053	-8.113
1054	3.0
1055	-0.9966
1056	10.48
1057	0.3571
1058	3.677
1059	7.007
1060	11.18
1061	-0.9085
1062	8.034
1063	12.82
1064	0.3734
1065	7.426
1066	8.591
1067	1.707
1068	6.321
1069	13.31
1070	11.17
1071	8.167
1072	4.251
1073	3.644
1074	18.27
1075	-1.677
1076	8.996
1077	4.434
1078	-2.671
1079	4.816
1080	14.89
1081	4.006
1082	5.43
1083	7.091
1084	10.83
1085	-1.526
1086	6.84
1087	3.408
1088	8.7
1089	2.289
1090	4.953
1091	4.741
1092	11.05
1093	3.559
1094	10.05
1095	0.07845
1096	14.42
1097	-1.846
1098	2.036
1099	1.822
1100	13.46
1101	4.805
1102	-2.326
1103	5.6
1104	-1.565
1105	-6.426
1106	3.613
1107	6.74
1108	23.12
1109	3.143
1110	7.72
1111	10.68
1112	3.127
1113	9.79
1114	13.31
1115	4.462
1116	14.32
1117	13.26
1118	10.95
1119	2.446
1120	-0.8974
1121	-16.7
1122	12.39
1123	5.864
1124	-3.343
1125	5.549
1126	8.23
1127	6.45
1128	8.507
1129	-7.584
1130	-4.814
1131	-3.842
1132	14.43
1133	12.06
1134	12.48
1135	-3.951
1136	-16.76
1137	-8.648
1138	3.066
1139	-2.861
1140	5.166
1141	2.89
1142	8.416
1143	3.852
1144	13.39
1145	-4.452
1146	-3.846
1147	7.419
1148	3.578
1149	1.654
1150	3.82
1151	-3.442
1152	-3.237
1153	6.691
1154	0.5735
1155	7.288
1156	0.9159
1157	-6.454
1158	4.426
1159	4.096
1160	4.76
1161	-13.69
1162	9.777
1163	1.304
1164	8.598
1165	17.37
1166	14.14
1167	8.914
1168	3.282
1169	9.954
1170	12.66
1171	12.79
1172	0.4898
1173	4.435
1174	4.41
1175	9.09
1176	-0.9941
1177	0.00378
1178	6.637
1179	2.884
1180	0.2865
1181	5.15
1182	1.666
1183	2.3
1184	-5.064
1185	3.558
1186	6.01
1187	6.694
1188	-2.159
1189	-13.62
1190	-3.56
1191	-14.65
1192	-4.618
1193	1.332
1194	-1.739
1195	8.034
1196	4.584
1197	3.324
1198	19.58
1199	3.71
1200	7.432
1201	9.058
1202	10.59
1203	12.31
1204	10.32
1205	10.56
1206	-3.567
1207	2.363
1208	3.968
1209	5.748
1210	8.15
1211	4.212
1212	0.1167
1213	4.73
1214	-1.447
1215	4.533
1216	1.604
1217	4.221
1218	3.565
1219	5.673
1220	7.708
1221	3.624
1222	3.142
1223	8.388
1224	1.163
1225	4.602
1226	-12.27
1227	5.6
1228	-1.141
1229	7.079
1230	-0.2301
1231	-1.776
1232	-3.171
1233	-2.46
1234	-2.289
1235	12.32
1236	10.79
1237	12.35
1238	-0.7039
1239	-18.4
1240	9.759
1241	4.202
1242	10.8
1243	2.473
1244	4.662
1245	8.177
1246	0.5954
1247	3.702
1248	7.064
1249	5.438
1250	11.03
1251	2.89
1252	5.463
1253	8.678
1254	12.62
1255	10.12
1256	10.93
1257	4.29
1258	5.393
1259	5.761
1260	0.7344
1261	7.216
1262	0.9002
1263	-0.256
1264	-0.01131
1265	0.9131
1266	2.638
1267	6.36
1268	5.008
1269	11.03
1270	8.091
1271	6.06
1272	5.234
1273	5.94
1274	6.039
1275	10.91
1276	15.12
1277	10.28
1278	0.2755
1279	13.48
1280	5.799
1281	1.188
1282	-2.618
1283	8.476
1284	3.57
1285	-3.298
1286	10.12
1287	13.12
1288	0.2214
1289	8.797
1290	2.002
1291	8.668
1292	9.65
1293	4.373
1294	2.246
1295	0.6227
1296	-1.795
1297	1.48
1298	-1.299
1299	7.148
1300	-1.546
1301	3.065
1302	6.753
1303	6.391
1304	10.29
1305	5.221
1306	-2.121
1307	1.097
1308	7.471
1309	-0.2391
1310	0.9385
1311	8.301
1312	7.255
1313	8.148
1314	8.022
1315	13.42
1316	13.0
1317	-0.7319
1318	6.243
1319	11.14
1320	-2.073
1321	4.253
1322	3.914
1323	5.887
1324	3.268
1325	10.3
1326	9.556
1327	5.008
1328	16.52
1329	5.577
1330	-0.02061
1331	0.4954
1332	2.431
1333	6.513
1334	6.472
1335	6.399
1336	5.925
1337	5.843
1338	5.662
1339	5.403
1340	4.808
1341	9.722
1342	7.482
1343	1.799
1344	7.67
1345	6.579
1346	2.904
1347	10.69
1348	6.567
1349	5.849
1350	5.956
1351	6.067
1352	5.804
1353	5.993
1354	5.714
1355	5.897
1356	4.658
1357	12.53
1358	-7.198
1359	2.337
1360	2.515
1361	1.95
1362	3.904
1363	13.21
1364	1.709
1365	6.252
1366	4.94
1367	3.262
1368	3.439
1369	2.956
1370	3.14
1371	1.698
1372	-1.215
1373	19.7
1374	8.801
1375	6.817
1376	11.62
1377	12.42
1378	0.4105
1379	10.77
1380	7.864
1381	-1.444
1382	1.921
1383	9.94
1384	17.29
1385	18.0
1386	1.754
1387	-1.541
1388	9.599
1389	12.42
1390	5.552
1391	-0.8339
1392	5.183
1393	-15.44
1394	-2.369
1395	1.088
1396	-8.334
1397	7.256
1398	7.091
1399	7.871
1400	1.824
1401	-2.231
1402	10.58
1403	5.185
1404	9.252
1405	7.941
1406	7.171
1407	8.928
1408	11.73
1409	2.82
1410	12.8
1411	8.313
1412	9.31
1413	-1.139
1414	-3.249
1415	7.056
1416	5.965
1417	6.793
1418	11.1
1419	12.03
1420	10.14
1421	3.379
1422	6.632
1423	6.866
1424	7.824
1425	6.685
1426	3.189
1427	10.05
1428	4.382
1429	4.551
1430	9.83
1431	12.66
1432	13.25
1433	11.96
1434	-2.349
1435	10.56
1436	-1.134
1437	6.171
1438	7.777
1439	-0.6231
1440	4.144
1441	5.869
1442	-15.5
1443	-15.27
1444	-2.095
1445	-0.1235
1446	1.922
1447	11.47
1448	14.28
1449	4.665
1450	-4.03
1451	7.694
1452	5.303
1453	7.413
1454	-0.1146
1455	5.68
1456	4.833
1457	-2.227
1458	-1.913
1459	-2.792
1460	-0.01953
1461	-3.475
1462	5.625
1463	15.92
1464	9.88
1465	7.513
1466	12.54
1467	16.03
1468	10.88
1469	11.15
1470	10.87
1471	10.44
1472	11.9
1473	12.94
1474	7.721
1475	16.69
1476	2.271
1477	-7.767
1478	13.01
1479	14.22
1480	11.55
1481	5.608
1482	19.6
1483	5.934
1484	8.87
1485	0.2888
1486	-1.008
1487	5.886
1488	7.11
1489	18.13
1490	5.806
1491	-1.122
1492	4.72
1493	2.375
1494	0.3994
1495	0.844
1496	4.542
1497	-6.683
1498	6.133
1499	-2.144
1500	12.01
1001	14.95
1002	6.415
1003	1.68
1004	9.396
1005	13.41
1006	4.588
1007	10.67
1008	5.032
1009	14.22
1010	15.37
1011	6.272
1012	1.044
1013	9.516
1014	5.67
1015	5.415
1016	15.9
1017	4.693
1018	13.8
1019	11.84
1020	11.99
1021	12.66
1022	11.73
1023	11.01
1024	7.106
1025	5.958
1026	8.201
1027	11.24
1028	11.28
1029	7.974
1030	5.965
1031	3.554
1032	2.292
1033	5.295
1034	21.78
1035	10.89
1036	20.76
1037	12.42
1038	9.21
1039	22.56
1040	5.608
1041	0.9192
1042	1.555
1043	-2.983
1044	1.178
1045	3.777
1046	11.19
1047	11.4
1048	15.59
1049	10.54
1050	-2.557
1051	6.08
1052	19.03
1053	-18.88
1054	10.81
1055	8.089
1056	2.717
1057	4.843
1058	3.789
1059	9.49
1060	5.581
1061	3.262
1062	6.922
1063	8.206
1064	1.566
1065	14.53
1066	10.09
1067	11.0
1068	12.38
1069	14.52
1070	12.69
1071	12.23
1072	4.271
1073	7.091
1074	-4.952
1075	1.355
1076	3.986
1077	5.201
1078	9.053
1079	1.7
1080	22.51
1081	8.161
1082	9.745
1083	16.11
1084	5.252
1085	-0.08018
1086	2.496
1087	6.475
1088	1.785
1089	1.031
1090	4.707
1091	4.771
1092	3.449
1093	-3.496
1094	11.21
1095	10.65
1096	9.956
1097	11.58
1098	14.1
1099	-0.1812
1100	14.59
1101	8.51
1102	5.639
1103	2.584
1104	2.667
1105	-6.884
1106	7.466
1107	10.87
1108	6.281
1109	14.48
1110	10.32
1111	10.1
1112	10.06
1113	9.268
1114	-1.823
1115	-0.7242
1116	16.15
1117	4.561
1118	-1.923
1119	10.26
1120	0.3421
1121	10.87
1122	16.1
1123	1.196
1124	3.849
1125	10.21
1126	4.401
1127	12.59
1128	15.21
1129	-5.329
1130	1.989
1131	2.408
1132	8.937
1133	11.41
1134	15.17
1135	8.119
1136	-13.2
1137	22.83
1138	-3.48
1139	12.32
1140	6.417
1141	6.883
1142	13.11
1143	18.51
1144	-10.93
1145	-1.315
1146	-1.507
1147	3.919
1148	8.239
1149	4.359
1150	3.133
1151	7.027
1152	9.57
1153	14.77
1154	12.95
1155	10.38
1156	5.417
1157	7.549
1158	12.74
1159	3.24
1160	13.5
1161	3.184
1162	0.3713
1163	2.067
1164	6.772
1165	16.35
1166	15.49
1167	14.91
1168	-4.467
1169	4.903
1170	13.43
1171	10.18
1172	7.587
1173	5.775
1174	10.81
1175	3.829
1176	-3.079
1177	4.011
1178	3.526
1179	-1.649
1180	1.865
1181	6.9
1182	2.539
1183	2.401
1184	0.3085
1185	5.203
1186	22.4
1187	13.6
1188	-1.789
1189	-2.458
1190	-0.1433
1191	-11.71
1192	9.122
1193	20.21
1194	8.13
1195	6.694
1196	9.669
1197	22.48
1198	8.088
1199	5.343
1200	10.05
1201	10.15
1202	10.65
1203	11.47
1204	11.2
1205	11.24
1206	-11.69
1207	-6.371
1208	6.218
1209	6.973
1210	8.762
1211	-8.027
1212	3.653
1213	3.059
1214	6.499
1215	-6.932
1216	3.621
1217	-4.901
1218	5.329
1219	5.054
1220	12.85
1221	9.206
1222	-8.769
1223	10.45
1224	0.5271
1225	1.721
1226	12.29
1227	4.776
1228	-0.7273
1229	9.331
1230	6.848
1231	1.046
1232	6.38
1233	-3.436
1234	-1.523
1235	14.17
1236	16.84
1237	8.308
1238	-7.716
1239	-4.684
1240	-5.002
1241	12.15
1242	12.98
1243	7.125
1244	16.13
1245	6.784
1246	10.13
1247	10.3
1248	19.52
1249	4.413
1250	3.162
1251	6.424
1252	9.974
1253	8.352
1254	10.36
1255	11.84
1256	13.58
1257	5.938
1258	5.051
1259	8.171
1260	4.13
1261	2.409
1262	2.303
1263	-1.261
1264	7.888
1265	6.235
1266	7.746
1267	7.676
1268	3.998
1269	12.18
1270	5.853
1271	1.214
1272	9.183
1273	10.89
1274	19.07
1275	9.864
1276	1.118
1277	5.247
1278	9.864
1279	18.21
1280	3.276
1281	1.288
1282	-11.17
1283	5.31
1284	6.143
1285	-1.491
1286	7.839
1287	18.72
1288	14.97
1289	0.07199
1290	-3.408
1291	9.612
1292	-3.038
1293	10.89
1294	2.795
1295	17.3
1296	7.425
1297	5.879
1298	0.4782
1299	-0.07869
1300	3.318
1301	5.532
1302	2.356
1303	3.828
1304	9.935
1305	7.479
1306	2.678
1307	3.393
1308	3.962
1309	4.181
1310	10.95
1311	8.264
1312	6.07
1313	8.467
1314	3.663
1315	9.014
1316	14.65
1317	-9.398
1318	15.85
1319	10.41
1320	5.563
1321	10.88
1322	3.9
1323	4.098
1324	3.996
1325	8.897
1326	10.51
1327	10.65
1328	-1.505
1329	9.793
1330	8.709
1331	13.65
1332	1.56
1333	4.29
1334	8.2
1335	6.499
1336	6.144
1337	5.896
1338	6.097
1339	5.161
1340	2.521
1341	8.53
1342	19.17
1343	9.151
1344	2.475
1345	4.309
1346	9.655
1347	6.375
1348	-1.943
1349	5.713
1350	4.771
1351	5.735
1352	5.734
1353	5.85
1354	5.637
1355	5.703
1356	7.539
1357	11.63
1358	-16.38
1359	1.713
1360	-0.9163
1361	4.962
1362	-0.1528
1363	-9.823
1364	2.44
1365	6.833
1366	1.296
1367	4.341
1368	3.353
1369	3.327
1370	3.06
1371	2.243
1372	-5.166
1373	-1.035
1374	9.538
1375	6.354
1376	13.31
1377	11.39
1378	10.61
1379	16.32
1380	3.582
1381	7.615
1382	1.962
1383	16.8
1384	2.231
1385	11.83
1386	0.1624
1387	6.04
1388	9.717
1389	11.41
1390	1.486
1391	3.37
1392	7.282
1393	-0.3015
1394	-4.53
1395	12.07
1396	4.73
1397	26.73
1398	6.004
1399	7.77
1400	15.79
1401	9.871
1402	10.05
1403	10.98
1404	8.729
1405	8.741
1406	-2.541
1407	9.667
1408	-0.5382
1409	15.1
1410	12.16
1411	18.43
1412	-1.7
1413	1.243
1414	10.96
1415	8.941
1416	6.929
1417	8.623
1418	12.89
1419	11.38
1420	7.856
1421	8.917
1422	7.141
1423	5.897
1424	5.843
1425	7.466
1426	7.52
1427	8.972
1428	10.67
1429	7.743
1430	11.39
1431	10.17
1432	14.2
1433	7.769
1434	-2.19
1435	9.748
1436	4.659
1437	14.58
1438	11.46
1439	5.935
1440	6.016
1441	7.762
1442	-6.393
1443	5.974
1444	13.78
1445	13.41
1446	-11.31
1447	19.54
1448	5.334
1449	2.33
1450	-3.142
1451	4.009
1452	6.18
1453	7.845
1454	6.514
1455	6.273
1456	-2.808
1457	-0.8121
1458	-1.325
1459	-2.562
1460	-3.584
1461	1.275
1462	-2.098
1463	12.52
1464	10.16
1465	4.331
1466	18.23
1467	14.62
1468	13.84
1469	4.973
1470	16.42
1471	9.794
1472	11.09
1473	13.93
1474	9.65
1475	3.892
1476	11.4
1477	-15.52
1478	4.673
1479	19.67
1480	6.188
1481	6.959
1482	14.2
1483	1.055
1484	9.913
1485	-2.56
1486	5.399
1487	-8.247
1488	8.301
1489	14.87
1490	3.877
1491	-17.78
1492	1.713
1493	3.522
1494	10.28
1495	-7.33
1496	-1.097
1497	6.638
1498	6.642
1499	2.548
1500	5.785
1001	5.552
1002	4.008
1003	3.921
1004	-2.66
1005	14.97
1006	7.58
1007	7.156
1008	4.571
1009	4.855
1010	14.24
1011	1.094
1012	5.319
1013	10.58
1014	23.39
1015	6.308
1016	6.294
1017	2.14
1018	16.36
1019	16.35
1020	14.38
1021	12.09
1022	12.14
1023	10.05
1024	17.5
1025	13.2
1026	12.44
1027	4.15
1028	23.75
1029	1.151
1030	17.54
1031	4.789
1032	4.244
1033	19.32
1034	15.64
1035	9.653
1036	17.99
1037	12.81
1038	5.464
1039	15.5
1040	8.15
1041	1.951
1042	4.867
1043	1.293
1044	1.054
1045	12.55
1046	12.37
1047	14.1
1048	15.67
1049	15.67
1050	21.14
1051	6.808
1052	28.86
1053	8.891
1054	17.73
1055	10.09
1056	4.495
1057	2.018
1058	3.386
1059	2.925
1060	6.475
1061	4.515
1062	7.1
1063	9.444
1064	14.92
1065	12.29
1066	13.26
1067	20.59
1068	14.6
1069	13.1
1070	12.36
1071	6.842
1072	6.182
1073	18.32
1074	21.31
1075	4.652
1076	7.131
1077	6.9
1078	17.38
1079	0.6248
1080	18.88
1081	4.746
1082	8.439
1083	11.22
1084	12.34
1085	17.38
1086	5.108
1087	9.554
1088	7.53
1089	3.955
1090	4.099
1091	4.171
1092	-5.161
1093	11.43
1094	12.22
1095	20.91
1096	17.43
1097	4.254
1098	16.82
1099	13.16
1100	15.03
1101	9.518
1102	9.231
1103	11.59
1104	18.19
1105	1.081
1106	14.44
1107	14.68
1108	18.22
1109	7.646
1110	11.94
1111	8.042
1112	8.481
1113	10.93
1114	13.97
1115	10.39
1116	7.95
1117	32.06
1118	15.0
1119	12.58
1120	12.87
1121	-5.131
1122	15.27
1123	12.56
1124	21.55
1125	5.923
1126	17.76
1127	16.36
1128	19.07
1129	-0.7277
1130	18.62
1131	11.52
1132	21.28
1133	13.7
1134	15.95
1135	24.96
1136	10.86
1137	19.76
1138	11.94
1139	12.74
1140	-7.415
1141	4.799
1142	8.041
1143	12.76
1144	23.86
1145	1.125
1146	-3.061
1147	15.3
1148	3.102
1149	1.876
1150	8.638
1151	6.281
1152	7.883
1153	8.894
1154	15.54
1155	12.23
1156	4.265
1157	0.3337
1158	16.76
1159	20.76
1160	21.28
1161	13.84
1162	21.49
1163	10.26
1164	21.69
1165	15.56
1166	14.1
1167	16.77
1168	3.265
1169	19.68
1170	16.6
1171	22.96
1172	6.729
1173	3.092
1174	12.04
1175	11.99
1176	9.115
1177	19.49
1178	9.247
1179	9.883
1180	6.19
1181	-1.643
1182	0.431
1183	5.673
1184	6.412
1185	7.901
1186	9.031
1187	11.83
1188	23.88
1189	21.55
1190	5.543
1191	-6.432
1192	17.94
1193	22.01
1194	12.05
1195	16.93
1196	14.94
1197	19.96
1198	13.92
1199	7.401
1200	9.161
1201	11.73
1202	10.84
1203	11.59
1204	9.992
1205	8.771
1206	10.98
1207	7.539
1208	26.86
1209	5.081
1210	5.03
1211	6.534
1212	5.257
1213	15.48
1214	9.577
1215	7.534
1216	11.81
1217	14.82
1218	24.42
1219	5.769
1220	4.411
1221	8.508
1222	22.3
1223	2.958
1224	2.345
1225	-0.2585
1226	13.58
1227	0.9419
1228	1.263
1229	12.39
1230	3.731
1231	2.458
1232	0.8742
1233	-3.224
1234	15.44
1235	16.31
1236	12.55
1237	19.93
1238	14.82
1239	11.59
1240	9.806
1241	7.379
1242	15.51
1243	8.501
1244	8.483
1245	11.52
1246	12.35
1247	22.52
1248	15.8
1249	7.95
1250	14.42
1251	15.07
1252	7.652
1253	9.199
1254	7.906
1255	9.876
1256	14.22
1257	11.33
1258	5.607
1259	25.57
1260	2.58
1261	4.013
1262	5.385
1263	7.957
1264	3.764
1265	4.188
1266	14.82
1267	3.826
1268	9.256
1269	8.099
1270	9.95
1271	14.09
1272	13.92
1273	16.49
1274	23.19
1275	12.61
1276	15.25
1277	16.66
1278	3.132
1279	12.83
1280	18.77
1281	5.937
1282	-0.7215
1283	15.48
1284	4.347
1285	33.97
1286	7.716
1287	20.54
1288	6.419
1289	7.131
1290	4.213
1291	6.594
1292	23.94
1293	7.639
1294	11.19
1295	12.58
1296	17.34
1297	10.45
1298	21.94
1299	21.29
1300	10.9
1301	9.592
1302	6.586
1303	8.575
1304	9.847
1305	8.668
1306	5.349
1307	3.327
1308	4.499
1309	6.434
1310	3.832
1311	5.071
1312	12.02
1313	10.3
1314	15.92
1315	13.44
1316	27.53
1317	16.35
1318	21.85
1319	13.83
1320	3.006
1321	5.88
1322	3.979
1323	6.249
1324	11.87
1325	14.48
1326	13.18
1327	10.91
1328	14.26
1329	17.26
1330	18.35
1331	-3.883
1332	5.216
1333	5.443
1334	6.808
1335	7.305
1336	5.705
1337	5.936
1338	5.821
1339	4.347
1340	1.534
1341	6.265
1342	11.52
1343	15.88
1344	6.351
1345	5.742
1346	6.619
1347	10.77
1348	3.472
1349	5.151
1350	5.978
1351	5.718
1352	5.771
1353	5.875
1354	5.833
1355	5.726
1356	8.75
1357	16.57
1358	17.94
1359	16.26
1360	11.64
1361	5.543
1362	2.922
1363	7.105
1364	12.9
1365	10.15
1366	3.698
1367	3.73
1368	3.486
1369	3.116
1370	3.439
1371	3.605
1372	7.687
1373	18.64
1374	7.478
1375	8.141
1376	13.54
1377	15.28
1378	-2.954
1379	9.922
1380	9.873
1381	4.04
1382	34.46
1383	8.595
1384	18.09
1385	22.54
1386	7.885
1387	9.483
1388	19.44
1389	13.23
1390	6.566
1391	16.49
1392	14.43
1393	6.877
1394	3.53
1395	13.23
1396	10.56
1397	11.22
1398	8.324
1399	8.732
1400	9.712
1401	16.47
1402	8.961
1403	8.016
1404	8.036
1405	8.761
1406	1.272
1407	10.11
1408	14.16
1409	5.549
1410	12.46
1411	18.69
1412	11.99
1413	13.11
1414	7.666
1415	10.03
1416	7.711
1417	7.337
1418	0.2366
1419	12.34
1420	9.85
1421	8.785
1422	5.844
1423	6.727
1424	8.396
1425	10.54
1426	17.19
1427	11.22
1428	10.02
1429	5.362
1430	9.859
1431	12.24
1432	15.56
1433	18.12
1434	-11.88
1435	15.33
1436	9.579
1437	23.25
1438	5.713
1439	8.378
1440	12.92
1441	8.271
1442	7.337
1443	0.1433
1444	15.9
1445	6.567
1446	17.34
1447	12.83
1448	17.63
1449	12.88
1450	10.66
1451	6.522
1452	4.941
1453	7.203
1454	17.67
1455	11.61
1456	11.44
1457	-1.776
1458	-1.272
1459	-2.794
1460	-0.2697
1461	3.135
1462	-3.425
1463	9.916
1464	10.18
1465	12.36
1466	14.52
1467	14.53
1468	14.94
1469	25.38
1470	20.61
1471	6.59
1472	17.36
1473	20.43
1474	8.674
1475	6.443
1476	8.872
1477	11.99
1478	8.806
1479	25.42
1480	12.24
1481	12.71
1482	23.8
1483	5.298
1484	9.962
1485	14.1
1486	20.58
1487	16.36
1488	9.359
1489	18.22
1490	2.406
1491	8.463
1492	5.389
1493	7.157
1494	4.176
1495	17.92
1496	7.46
1497	11.7
1498	8.831
1499	11.94
1500	12.79
1001	3.517
1002	-10.66
1003	-0.6057
1004	4.538
1005	13.96
1006	3.767
1007	7.414
1008	5.385
1009	0.6855
1010	15.75
1011	-6.009
1012	2.964
1013	6.418
1014	5.029
1015	-4.887
1016	2.416
1017	-5.009
1018	16.24
1019	8.086
1020	13.05
1021	12.89
1022	11.78
1023	13.61
1024	9.248
1025	14.21
1026	11.55
1027	14.87
1028	-3.038
1029	10.13
1030	4.361
1031	9.907
1032	1.417
1033	7.484
1034	13.96
1035	6.766
1036	27.35
1037	13.4
1038	9.539
1039	22.71
1040	19.65
1041	-3.356
1042	-1.31
1043	-1.008
1044	2.853
1045	16.63
1046	13.72
1047	10.31
1048	15.64
1049	11.23
1050	10.34
1051	-11.12
1052	23.88
1053	9.286
1054	8.077
1055	7.963
1056	-6.947
1057	2.295
1058	3.331
1059	5.906
1060	3.556
1061	25.05
1062	10.65
1063	12.76
1064	11.43
1065	9.642
1066	11.23
1067	16.05
1068	13.21
1069	13.27
1070	13.11
1071	11.34
1072	0.6524
1073	4.451
1074	21.9
1075	-6.228
1076	2.564
1077	15.33
1078	0.09563
1079	5.442
1080	13.15
1081	-0.7536
1082	18.71
1083	3.185
1084	8.639
1085	4.744
1086	6.779
1087	17.43
1088	2.132
1089	5.781
1090	3.788
1091	4.898
1092	17.92
1093	12.99
1094	20.42
1095	13.8
1096	7.354
1097	11.54
1098	5.933
1099	18.97
1100	11.42
1101	24.51
1102	4.164
1103	-5.82
1104	18.52
1105	8.017
1106	17.11
1107	12.18
1108	14.47
1109	15.6
1110	8.41
1111	4.366
1112	5.568
1113	8.668
1114	-11.08
1115	6.338
1116	10.32
1117	10.81
1118	9.552
1119	24.62
1120	33.82
1121	4.251
1122	16.38
1123	17.71
1124	15.4
1125	12.09
1126	12.41
1127	-7.379
1128	4.528
1129	-4.489
1130	40.11
1131	18.81
1132	7.027
1133	11.93
1134	31.48
1135	-14.98
1136	4.981
1137	2.507
1138	9.679
1139	28.4
1140	-1.596
1141	0.01514
1142	11.1
1143	16.59
1144	15.68
1145	-6.062
1146	0.6051
1147	8.151
1148	5.896
1149	4.697
1150	4.97
1151	16.88
1152	0.3581
1153	15.64
1154	20.66
1155	7.885
1156	3.538
1157	0.2779
1158	9.885
1159	-3.852
1160	16.48
1161	18.04
1162	6.563
1163	3.144
1164	21.48
1165	18.01
1166	14.81
1167	15.85
1168	5.754
1169	12.87
1170	14.28
1171	7.861
1172	17.17
1173	-1.042
1174	13.06
1175	10.28
1176	8.597
1177	10.53
1178	14.73
1179	5.286
1180	2.938
1181	9.079
1182	4.108
1183	5.55
1184	8.803
1185	11.63
1186	17.8
1187	18.93
1188	39.91
1189	32.75
1190	-11.4
1191	3.939
1192	1.764
1193	5.427
1194	14.9
1195	10.7
1196	15.5
1197	12.39
1198	13.44
1199	10.68
1200	12.45
1201	11.4
1202	10.75
1203	11.45
1204	10.4
1205	9.703
1206	1.19
1207	12.23
1208	6.991
1209	3.512
1210	5.877
1211	15.0
1212	-5.587
1213	27.11
1214	11.23
1215	6.569
1216	14.81
1217	1.262
1218	0.4301
1219	8.698
1220	8.669
1221	0.7465
1222	5.59
1223	12.0
1224	1.053
1225	1.074
1226	39.62
1227	3.984
1228	4.963
1229	8.547
1230	5.69
1231	-0.06932
1232	-1.922
1233	-2.368
1234	3.577
1235	6.671
1236	12.15
1237	19.08
1238	5.18
1239	0.7275
1240	23.74
1241	16.96
1242	14.92
1243	8.955
1244	16.77
1245	4.102
1246	8.648
1247	6.502
1248	11.15
1249	17.7
1250	6.504
1251	-4.066
1252	9.874
1253	8.73
1254	11.6
1255	10.63
1256	10.99
1257	6.22
1258	4.891
1259	7.804
1260	1.56
1261	6.182
1262	3.839
1263	4.337
1264	5.377
1265	-7.292
1266	10.97
1267	5.042
1268	9.001
1269	9.316
1270	12.25
1271	7.082
1272	13.23
1273	6.839
1274	24.27
1275	12.22
1276	12.36
1277	6.178
1278	-5.301
1279	10.17
1280	8.475
1281	5.125
1282	-13.3
1283	4.595
1284	6.981
1285	16.11
1286	10.85
1287	19.6
1288	6.178
1289	6.938
1290	5.477
1291	6.811
1292	1.749
1293	5.518
1294	-4.677
1295	13.32
1296	1.308
1297	2.114
1298	15.82
1299	14.11
1300	10.37
1301	3.97
1302	4.486
1303	15.64
1304	13.21
1305	10.61
1306	-0.4138
1307	4.432
1308	5.133
1309	6.934
1310	-0.845
1311	-5.328
1312	14.01
1313	16.23
1314	-3.763
1315	11.1
1316	7.445
1317	-4.473
1318	25.74
1319	14.03
1320	8.085
1321	6.773
1322	3.857
1323	6.05
1324	5.485
1325	3.401
1326	12.12
1327	22.01
1328	19.42
1329	15.56
1330	5.919
1331	8.152
1332	1.387
1333	7.966
1334	6.537
1335	5.759
1336	5.946
1337	5.854
1338	6.135
1339	6.222
1340	8.095
1341	5.199
1342	16.54
1343	3.181
1344	11.96
1345	4.106
1346	5.973
1347	6.622
1348	-0.637
1349	5.598
1350	5.98
1351	5.817
1352	5.887
1353	5.906
1354	5.783
1355	5.751
1356	7.713
1357	9.6
1358	9.683
1359	7.034
1360	8.265
1361	1.196
1362	5.654
1363	5.159
1364	4.813
1365	13.76
1366	5.191
1367	4.409
1368	3.136
1369	3.25
1370	3.21
1371	2.149
1372	-0.4744
1373	18.26
1374	9.8
1375	7.464
1376	13.52
1377	14.86
1378	12.04
1379	6.033
1380	7.909
1381	3.694
1382	-12.99
1383	-1.698
1384	9.055
1385	11.05
1386	5.799
1387	-3.504
1388	14.75
1389	5.491
1390	16.12
1391	-4.196
1392	14.89
1393	0.2621
1394	10.55
1395	16.99
1396	3.095
1397	18.3
1398	4.642
1399	8.395
1400	13.85
1401	-3.56
1402	10.16
1403	6.659
1404	7.104
1405	3.686
1406	-3.194
1407	6.426
1408	14.79
1409	16.36
1410	10.0
1411	18.66
1412	4.376
1413	9.866
1414	4.475
1415	5.981
1416	6.858
1417	8.006
1418	4.653
1419	10.32
1420	13.18
1421	11.02
1422	9.856
1423	6.617
1424	7.709
1425	8.324
1426	9.721
1427	8.89
1428	3.801
1429	6.569
1430	9.695
1431	11.81
1432	14.06
1433	16.34
1434	18.3
1435	10.4
1436	1.884
1437	16.15
1438	8.723
1439	3.078
1440	12.4
1441	9.842
1442	13.24
1443	10.49
1444	-0.6476
1445	-6.68
1446	10.47
1447	19.02
1448	11.72
1449	10.04
1450	-0.9891
1451	6.369
1452	4.938
1453	7.188
1454	4.768
1455	8.485
1456	1.178
1457	-2.301
1458	-1.474
1459	-2.286
1460	-0.8183
1461	6.412
1462	0.6602
1463	2.849
1464	5.601
1465	8.939
1466	13.52
1467	15.85
1468	13.04
1469	16.44
1470	6.822
1471	14.48
1472	18.98
1473	17.84
1474	8.789
1475	5.773
1476	7.157
1477	2.748
1478	1.987
1479	14.39
1480	7.464
1481	14.08
1482	-4.166
1483	8.94
1484	4.208
1485	11.78
1486	13.43
1487	8.521
1488	11.35
1489	20.08
1490	9.803
1491	1.676
1492	2.27
1493	4.915
1494	-1.736
1495	22.18
1496	8.287
1497	-0.04332
1498	1.746
1499	7.619
1500	11.03
