1001	4.971
1002	4.949
1003	8.111
1004	8.131
1005	8.929
1006	22.37
1007	21.48
1008	12.64
1009	22.33
1010	25.54
1011	8.345
1012	11.05
1013	8.956
1014	1.851
1015	8.046
1016	1.86
1017	6.875
1018	7.012
1019	6.445
1020	6.359
1021	4.704
1022	7.753
1023	9.973
1024	-2.069
1025	5.098
1026	1.633
1027	4.29
1028	2.89
1029	2.763
1030	2.68
1031	3.443
1032	1.513
1033	7.271
1034	-2.576
1035	9.003
1036	13.25
1037	6.563
1038	9.0
1039	5.492
1040	7.565
1041	9.543
1042	11.78
1043	9.589
1044	7.909
1045	15.32
1046	7.325
1047	10.71
1048	13.01
1049	6.433
1050	11.37
1051	9.398
1052	6.366
1053	6.959
1054	12.8
1055	10.54
1056	4.483
1057	13.28
1058	11.47
1059	6.533
1060	9.398
1061	7.18
1062	18.57
1063	-4.105
1064	14.96
1065	6.426
1066	12.15
1067	8.233
1068	7.63
1069	11.44
1070	8.038
1071	3.758
1072	1.873
1073	-1.413
1074	4.855
1075	8.664
1076	13.45
1077	8.035
1078	10.17
1079	10.38
1080	3.975
1081	0.7057
1082	1.337
1083	0.9308
1084	0.1987
1085	5.33
1086	19.79
1087	12.19
1088	-9.972
1089	0.1862
1090	12.02
1091	9.994
1092	4.574
1093	9.683
1094	2.994
1095	6.885
1096	2.901
1097	5.702
1098	9.041
1099	7.486
1100	2.867
1101	8.15
1102	13.0
1103	20.12
1104	10.97
1105	11.51
1106	7.026
1107	6.774
1108	6.132
1109	6.624
1110	9.217
1111	6.83
1112	5.621
1113	10.49
1114	7.509
1115	4.788
1116	4.641
1117	11.69
1118	10.96
1119	7.904
1120	6.092
1121	5.445
1122	4.278
1123	4.123
1124	3.427
1125	10.79
1126	12.98
1127	12.66
1128	10.27
1129	5.537
1130	3.328
1131	-0.06697
1132	14.36
1133	5.329
1134	4.933
1135	6.056
1136	9.828
1137	10.68
1138	0.805
1139	5.266
1140	7.354
1141	8.277
1142	17.05
1143	2.288
1144	4.661
1145	4.824
1146	10.84
1147	8.308
1148	9.307
1149	3.542
1150	5.907
1151	12.46
1152	10.21
1153	13.71
1154	0.8951
1155	10.04
1156	2.654
1157	7.689
1158	4.245
1159	7.405
1160	11.77
1161	1.008
1162	7.556
1163	8.838
1164	13.37
1165	11.87
1166	5.711
1167	-0.01636
1168	6.873
1169	6.803
1170	6.714
1171	6.863
1172	6.336
1173	6.321
1174	5.74
1175	8.601
1176	10.55
1177	6.372
1178	11.12
1179	11.77
1180	3.875
1181	3.305
1182	10.13
1183	-1.047
1184	9.97
1185	2.853
1186	4.019
1187	6.169
1188	5.789
1189	3.08
1190	2.947
1191	12.79
1192	11.76
1193	9.931
1194	15.74
1195	14.51
1196	21.34
1197	22.78
1198	17.99
1199	1.252
1200	-3.037
1201	8.26
1202	9.278
1203	7.43
1204	5.778
1205	4.229
1206	7.908
1207	12.72
1208	7.569
1209	0.5821
1210	3.295
1211	1.079
1212	1.047
1213	0.5564
1214	8.693
1215	15.84
1216	11.53
1217	11.73
1218	11.98
1219	11.88
1220	12.23
1221	13.0
1222	9.592
1223	15.48
1224	9.376
1225	6.618
1226	4.162
1227	-5.035
1228	17.51
1229	17.24
1230	7.47
1231	9.542
1232	6.447
1233	9.136
1234	8.204
1235	3.696
1236	10.03
1237	11.43
1238	8.542
1239	6.98
1240	5.857
1241	12.94
1242	14.11
1243	4.837
1244	7.807
1245	14.1
1246	12.76
1247	11.48
1248	11.12
1249	5.858
1250	4.263
1251	3.83
1252	11.03
1253	11.87
1254	18.52
1255	1.831
1256	7.21
1257	10.97
1258	11.36
1259	14.05
1260	9.098
1261	8.186
1262	7.162
1263	7.921
1264	2.955
1265	14.24
1266	15.17
1267	9.019
1268	11.5
1269	1.339
1270	5.847
1271	3.381
1272	3.295
1273	1.322
1274	11.43
1275	4.989
1276	10.27
1277	9.608
1278	16.12
1279	7.172
1280	0.8138
1281	8.358
1282	13.18
1283	9.191
1284	4.721
1285	2.091
1286	6.705
1287	5.551
1288	-1.764
1289	6.969
1290	14.82
1291	9.928
1292	4.847
1293	-6.321
1294	10.8
1295	10.75
1296	6.719
1297	7.539
1298	7.311
1299	11.8
1300	15.8
1301	5.377
1302	11.12
1303	8.434
1304	3.631
1305	4.591
1306	12.9
1307	15.53
1308	8.949
1309	-0.06229
1310	11.33
1311	9.588
1312	5.273
1313	1.784
1314	9.488
1315	12.07
1316	-1.288
1317	-2.734
1318	4.886
1319	9.097
1320	9.268
1321	8.396
1322	10.09
1323	12.22
1324	20.73
1325	5.413
1326	-2.879
1327	11.23
1328	9.151
1329	8.155
1330	6.434
1331	9.742
1332	9.38
1333	9.252
1334	8.453
1335	4.397
1336	9.986
1337	8.844
1338	8.21
1339	4.416
1340	5.509
1341	3.693
1342	9.897
1343	10.9
1344	10.84
1345	2.825
1346	11.42
1347	0.8734
1348	11.82
1349	3.521
1350	9.872
1351	0.9647
1352	3.053
1353	14.71
1354	12.37
1355	9.492
1356	5.005
1357	2.111
1358	1.635
1359	2.139
1360	18.06
1361	15.7
1362	15.91
1363	8.56
1364	4.062
1365	15.98
1366	14.43
1367	17.73
1368	9.688
1369	12.29
1370	15.91
1371	7.992
1372	-4.522
1373	12.38
1374	11.25
1375	16.43
1376	16.68
1377	17.26
1378	1.633
1379	4.976
1380	8.183
1381	19.56
1382	11.47
1383	7.948
1384	9.368
1385	8.232
1386	6.538
1387	9.622
1388	18.9
1389	11.54
1390	9.395
1391	12.66
1392	14.59
1393	3.841
1394	11.37
1395	13.61
1396	13.59
1397	8.591
1398	2.684
1399	3.538
1400	2.804
1401	6.229
1402	2.842
1403	4.37
1404	5.532
1405	12.84
1406	10.82
1407	14.31
1408	18.23
1409	6.892
1410	11.99
1411	12.81
1412	18.6
1413	2.031
1414	14.01
1415	1.341
1416	-4.139
1417	5.845
1418	6.236
1419	24.13
1420	9.651
1421	9.5
1422	16.3
1423	13.32
1424	4.17
1425	6.12
1426	5.75
1427	7.176
1428	8.859
1429	15.69
1430	9.331
1431	5.157
1432	4.731
1433	8.053
1434	7.982
1435	5.185
1436	4.793
1437	3.647
1438	7.07
1439	12.76
1440	6.445
1441	6.844
1442	5.886
1443	2.476
1444	13.02
1445	34.84
1446	21.61
1447	9.272
1448	6.745
1449	8.641
1450	1.966
1451	6.816
1452	8.425
1453	4.101
1454	3.323
1455	3.203
1456	8.619
1457	4.604
1458	4.499
1459	9.193
1460	10.84
1461	6.529
1462	12.26
1463	17.69
1464	17.01
1465	14.57
1466	9.702
1467	6.621
1468	8.279
1469	5.819
1470	5.321
1471	5.215
1472	5.289
1473	5.262
1474	5.03
1475	5.135
1476	4.551
1477	4.769
1478	4.371
1479	4.484
1480	4.434
1481	5.644
1482	9.785
1483	15.3
1484	7.091
1485	9.308
1486	10.73
1487	9.84
1488	3.717
1489	-1.323
1490	10.1
1491	-4.731
1492	3.587
1493	8.108
1494	7.291
1495	8.39
1496	13.31
1497	9.862
1498	15.47
1499	15.41
1500	8.084
1001	0.12
1002	0.3608
1003	3.174
1004	4.875
1005	8.174
1006	8.522
1007	11.57
1008	16.27
1009	28.11
1010	17.35
1011	10.55
1012	2.398
1013	2.159
1014	11.31
1015	2.283
1016	6.353
1017	0.8533
1018	0.5554
1019	0.9312
1020	3.681
1021	7.663
1022	6.611
1023	2.573
1024	12.98
1025	3.891
1026	7.953
1027	0.5679
1028	0.1456
1029	0.07898
1030	0.1493
1031	1.282
1032	4.326
1033	4.239
1034	6.855
1035	4.89
1036	4.538
1037	3.854
1038	3.99
1039	2.055
1040	7.006
1041	5.332
1042	14.79
1043	5.575
1044	6.108
1045	6.134
1046	1.021
1047	9.456
1048	8.025
1049	6.074
1050	8.781
1051	2.307
1052	1.221
1053	0.8966
1054	9.028
1055	16.71
1056	7.586
1057	4.016
1058	8.158
1059	8.947
1060	3.241
1061	6.99
1062	8.208
1063	11.81
1064	13.16
1065	5.419
1066	3.544
1067	8.507
1068	3.936
1069	11.78
1070	11.37
1071	13.31
1072	11.7
1073	15.42
1074	7.051
1075	11.08
1076	7.052
1077	3.007
1078	6.49
1079	5.664
1080	16.44
1081	4.153
1082	6.245
1083	6.549
1084	4.664
1085	7.81
1086	20.97
1087	7.381
1088	44.14
1089	9.903
1090	13.51
1091	0.7468
1092	17.96
1093	16.17
1094	12.59
1095	7.1
1096	10.6
1097	4.3
1098	1.552
1099	2.138
1100	11.4
1101	1.149
1102	6.595
1103	21.14
1104	6.569
1105	10.75
1106	0.8117
1107	1.088
1108	1.014
1109	6.352
1110	10.33
1111	10.17
1112	4.122
1113	5.126
1114	17.43
1115	2.838
1116	7.477
1117	10.61
1118	11.68
1119	13.3
1120	5.824
1121	3.15
1122	0.7871
1123	0.2923
1124	3.867
1125	1.236
1126	0.509
1127	1.674
1128	6.77
1129	5.755
1130	7.764
1131	3.053
1132	4.847
1133	5.52
1134	3.049
1135	1.783
1136	3.173
1137	6.573
1138	2.483
1139	8.818
1140	16.25
1141	11.33
1142	14.27
1143	0.9152
1144	3.738
1145	0.9852
1146	5.879
1147	8.277
1148	8.419
1149	17.98
1150	4.675
1151	4.636
1152	6.657
1153	10.56
1154	11.06
1155	5.209
1156	3.009
1157	2.561
1158	3.623
1159	3.035
1160	12.07
1161	7.889
1162	7.14
1163	8.331
1164	1.445
1165	3.518
1166	1.381
1167	17.85
1168	6.124
1169	1.064
1170	0.2955
1171	0.3661
1172	0.6102
1173	0.3363
1174	0.2249
1175	3.799
1176	4.109
1177	5.212
1178	5.819
1179	15.77
1180	19.15
1181	8.095
1182	3.318
1183	21.23
1184	9.134
1185	5.13
1186	3.89
1187	0.5812
1188	1.131
1189	5.429
1190	5.526
1191	2.241
1192	3.114
1193	1.475
1194	2.713
1195	4.886
1196	7.776
1197	4.652
1198	2.752
1199	9.848
1200	2.002
1201	1.152
1202	0.2456
1203	1.365
1204	1.284
1205	1.444
1206	2.689
1207	2.446
1208	4.843
1209	0.535
1210	2.613
1211	0.3649
1212	0.3209
1213	0.7856
1214	15.34
1215	6.202
1216	1.704
1217	0.7885
1218	0.1776
1219	0.1196
1220	0.1929
1221	6.609
1222	12.98
1223	2.815
1224	2.339
1225	5.597
1226	17.2
1227	8.02
1228	4.074
1229	3.772
1230	13.55
1231	3.35
1232	2.943
1233	5.877
1234	12.13
1235	6.528
1236	12.57
1237	5.839
1238	7.253
1239	5.261
1240	16.57
1241	14.91
1242	5.304
1243	13.32
1244	5.451
1245	3.406
1246	10.87
1247	3.736
1248	14.75
1249	0.9659
1250	0.9869
1251	4.216
1252	9.395
1253	3.631
1254	3.499
1255	5.364
1256	1.648
1257	3.326
1258	1.481
1259	7.633
1260	9.71
1261	7.51
1262	8.701
1263	28.84
1264	14.28
1265	3.495
1266	5.038
1267	9.775
1268	10.36
1269	9.751
1270	3.028
1271	1.634
1272	3.076
1273	3.159
1274	2.259
1275	10.34
1276	6.923
1277	6.84
1278	3.739
1279	10.14
1280	3.68
1281	2.646
1282	3.241
1283	7.002
1284	9.546
1285	8.563
1286	13.81
1287	11.73
1288	31.76
1289	6.238
1290	8.707
1291	12.04
1292	16.82
1293	36.6
1294	6.278
1295	4.244
1296	0.4724
1297	0.8261
1298	3.4
1299	10.52
1300	18.44
1301	9.98
1302	6.541
1303	3.901
1304	14.97
1305	9.869
1306	10.79
1307	10.43
1308	8.615
1309	15.89
1310	4.045
1311	1.833
1312	5.211
1313	4.88
1314	12.98
1315	10.76
1316	2.254
1317	4.073
1318	5.172
1319	0.9954
1320	0.3206
1321	1.443
1322	2.206
1323	10.84
1324	15.1
1325	6.282
1326	17.5
1327	5.502
1328	1.308
1329	1.327
1330	0.6422
1331	1.739
1332	16.56
1333	29.76
1334	9.945
1335	5.841
1336	2.349
1337	3.838
1338	10.23
1339	6.095
1340	5.985
1341	4.965
1342	3.271
1343	6.803
1344	6.632
1345	13.81
1346	6.388
1347	5.195
1348	7.65
1349	1.241
1350	16.31
1351	5.809
1352	8.554
1353	7.134
1354	0.7198
1355	3.213
1356	2.96
1357	1.651
1358	2.422
1359	7.113
1360	13.88
1361	1.029
1362	2.265
1363	3.144
1364	4.381
1365	3.765
1366	2.449
1367	1.93
1368	15.46
1369	6.508
1370	17.02
1371	9.883
1372	9.712
1373	9.578
1374	4.517
1375	0.5489
1376	0.8988
1377	0.8674
1378	3.0
1379	8.681
1380	6.067
1381	15.39
1382	9.301
1383	6.62
1384	8.166
1385	9.37
1386	9.79
1387	44.36
1388	9.784
1389	6.544
1390	1.896
1391	2.32
1392	8.142
1393	18.06
1394	2.803
1395	0.6399
1396	1.017
1397	5.049
1398	5.226
1399	3.319
1400	4.14
1401	3.484
1402	4.833
1403	7.7
1404	2.588
1405	3.633
1406	6.931
1407	11.99
1408	4.799
1409	5.709
1410	3.269
1411	1.073
1412	3.952
1413	14.87
1414	18.92
1415	5.557
1416	14.93
1417	2.448
1418	7.702
1419	12.21
1420	3.722
1421	23.82
1422	12.23
1423	21.34
1424	0.8886
1425	2.029
1426	0.8619
1427	2.001
1428	14.82
1429	10.5
1430	5.952
1431	5.763
1432	5.709
1433	1.09
1434	1.639
1435	2.255
1436	7.523
1437	3.089
1438	6.175
1439	12.3
1440	1.741
1441	6.51
1442	10.21
1443	3.07
1444	5.388
1445	23.48
1446	17.32
1447	3.1
1448	3.196
1449	1.294
1450	5.462
1451	8.907
1452	1.798
1453	1.389
1454	2.149
1455	3.192
1456	7.507
1457	4.369
1458	2.189
1459	5.993
1460	1.097
1461	10.78
1462	3.922
1463	2.435
1464	2.235
1465	0.8089
1466	17.13
1467	2.095
1468	2.077
1469	0.7097
1470	0.5114
1471	0.1276
1472	0.125
1473	0.3781
1474	0.6254
1475	0.45
1476	0.2644
1477	0.1611
1478	0.2806
1479	0.9498
1480	0.5978
1481	1.259
1482	2.977
1483	7.309
1484	6.413
1485	0.3984
1486	0.4416
1487	0.2493
1488	1.775
1489	5.019
1490	5.376
1491	25.11
1492	5.009
1493	10.13
1494	4.055
1495	5.655
1496	9.432
1497	15.4
1498	1.868
1499	6.051
1500	5.044
1001	4.756
1002	5.406
1003	11.32
1004	12.1
1005	13.28
1006	12.39
1007	21.97
1008	-0.7555
1009	41.34
1010	47.26
1011	-3.716
1012	10.71
1013	6.395
1014	17.24
1015	8.515
1016	16.05
1017	8.523
1018	7.29
1019	5.398
1020	9.833
1021	12.74
1022	18.82
1023	9.064
1024	13.13
1025	4.468
1026	4.495
1027	4.768
1028	3.099
1029	2.817
1030	2.377
1031	4.936
1032	8.406
1033	5.34
1034	4.03
1035	17.76
1036	14.89
1037	2.496
1038	4.633
1039	3.241
1040	6.81
1041	7.336
1042	30.35
1043	3.242
1044	2.532
1045	13.24
1046	7.186
1047	14.02
1048	19.93
1049	10.48
1050	6.278
1051	9.675
1052	3.602
1053	6.513
1054	21.72
1055	38.33
1056	6.494
1057	15.58
1058	26.23
1059	11.79
1060	16.88
1061	15.73
1062	17.07
1063	19.72
1064	43.31
1065	-3.727
1066	10.97
1067	-1.718
1068	9.313
1069	18.0
1070	6.114
1071	25.21
1072	26.22
1073	17.52
1074	9.164
1075	15.27
1076	17.33
1077	6.214
1078	2.578
1079	11.87
1080	20.73
1081	-0.6507
1082	11.54
1083	-2.605
1084	3.035
1085	14.75
1086	16.13
1087	29.81
1088	47.22
1089	-3.562
1090	12.25
1091	8.151
1092	6.968
1093	11.27
1094	35.06
1095	18.66
1096	12.58
1097	4.328
1098	9.954
1099	6.152
1100	14.12
1101	9.197
1102	19.87
1103	20.84
1104	21.07
1105	13.1
1106	7.514
1107	8.373
1108	6.374
1109	4.666
1110	17.84
1111	15.66
1112	2.816
1113	0.8238
1114	12.76
1115	5.02
1116	6.11
1117	23.23
1118	23.9
1119	15.01
1120	10.25
1121	4.741
1122	3.296
1123	4.246
1124	6.328
1125	11.3
1126	12.19
1127	10.82
1128	8.754
1129	4.559
1130	17.89
1131	0.3899
1132	12.11
1133	8.287
1134	7.673
1135	10.16
1136	12.89
1137	13.67
1138	2.13
1139	12.72
1140	7.108
1141	10.39
1142	42.4
1143	-0.1621
1144	9.426
1145	5.643
1146	7.101
1147	24.43
1148	15.53
1149	36.52
1150	0.4905
1151	17.63
1152	22.38
1153	25.85
1154	-1.362
1155	-0.4645
1156	2.202
1157	8.334
1158	8.667
1159	6.293
1160	11.25
1161	9.06
1162	5.527
1163	9.683
1164	13.32
1165	13.61
1166	6.948
1167	0.518
1168	14.79
1169	7.291
1170	6.303
1171	7.161
1172	6.633
1173	6.718
1174	5.667
1175	10.94
1176	5.9
1177	6.212
1178	13.53
1179	33.54
1180	29.44
1181	7.296
1182	3.821
1183	43.24
1184	18.06
1185	12.92
1186	6.198
1187	5.286
1188	3.177
1189	7.787
1190	11.91
1191	11.16
1192	7.758
1193	10.86
1194	17.75
1195	18.31
1196	33.14
1197	15.67
1198	17.75
1199	18.51
1200	-2.75
1201	7.633
1202	9.108
1203	8.79
1204	4.758
1205	6.097
1206	8.592
1207	17.22
1208	8.91
1209	0.6353
1210	4.183
1211	0.6484
1212	1.314
1213	1.438
1214	5.962
1215	14.4
1216	12.31
1217	11.09
1218	12.08
1219	11.9
1220	12.22
1221	10.97
1222	27.09
1223	13.25
1224	12.13
1225	17.11
1226	30.0
1227	6.756
1228	12.43
1229	16.69
1230	23.43
1231	10.29
1232	6.134
1233	12.67
1234	25.97
1235	14.8
1236	26.7
1237	20.94
1238	21.06
1239	8.038
1240	3.918
1241	4.664
1242	17.14
1243	14.33
1244	4.651
1245	16.89
1246	35.69
1247	18.78
1248	13.75
1249	6.423
1250	4.408
1251	2.841
1252	23.83
1253	11.79
1254	21.31
1255	7.089
1256	3.914
1257	4.723
1258	11.69
1259	17.2
1260	14.75
1261	6.549
1262	20.56
1263	0.9369
1264	28.35
1265	17.5
1266	17.83
1267	18.06
1268	8.878
1269	4.613
1270	5.329
1271	1.888
1272	6.628
1273	-4.771
1274	10.93
1275	7.868
1276	12.09
1277	17.15
1278	18.11
1279	4.877
1280	2.219
1281	8.79
1282	17.09
1283	10.95
1284	15.58
1285	8.662
1286	14.72
1287	15.9
1288	32.95
1289	11.64
1290	18.69
1291	17.4
1292	13.61
1293	29.26
1294	10.65
1295	11.63
1296	6.664
1297	5.864
1298	6.832
1299	15.34
1300	18.79
1301	15.67
1302	8.986
1303	9.45
1304	22.47
1305	5.283
1306	21.53
1307	17.69
1308	6.274
1309	2.904
1310	12.4
1311	7.691
1312	7.653
1313	4.48
1314	16.94
1315	31.21
1316	0.9174
1317	-9.124
1318	2.649
1319	7.592
1320	9.13
1321	8.792
1322	8.382
1323	25.97
1324	27.61
1325	10.5
1326	18.0
1327	7.938
1328	7.14
1329	8.012
1330	6.402
1331	11.04
1332	9.302
1333	12.98
1334	17.38
1335	6.3
1336	10.87
1337	5.739
1338	14.14
1339	7.95
1340	0.703
1341	-2.263
1342	10.0
1343	6.629
1344	27.58
1345	17.58
1346	13.22
1347	5.324
1348	24.33
1349	3.861
1350	18.13
1351	3.976
1352	16.69
1353	10.87
1354	12.09
1355	10.49
1356	8.589
1357	2.162
1358	-0.3752
1359	1.428
1360	23.98
1361	16.05
1362	19.3
1363	9.017
1364	13.95
1365	18.84
1366	15.13
1367	23.01
1368	19.12
1369	11.52
1370	11.64
1371	7.579
1372	14.83
1373	34.33
1374	8.908
1375	16.25
1376	18.38
1377	17.14
1378	7.253
1379	2.154
1380	5.351
1381	36.64
1382	8.205
1383	11.22
1384	20.12
1385	4.735
1386	11.43
1387	22.72
1388	1.827
1389	10.98
1390	10.02
1391	12.58
1392	16.29
1393	22.76
1394	15.37
1395	13.97
1396	15.93
1397	15.44
1398	3.019
1399	1.696
1400	0.3654
1401	11.26
1402	6.38
1403	17.22
1404	5.349
1405	15.87
1406	0.9095
1407	23.3
1408	10.59
1409	18.51
1410	12.33
1411	13.63
1412	20.06
1413	17.16
1414	29.63
1415	7.049
1416	9.33
1417	6.831
1418	8.161
1419	34.78
1420	9.508
1421	19.45
1422	20.33
1423	23.7
1424	6.9
1425	6.533
1426	4.367
1427	6.065
1428	30.52
1429	19.94
1430	14.61
1431	2.403
1432	5.761
1433	6.727
1434	8.034
1435	3.876
1436	12.97
1437	3.258
1438	7.864
1439	15.93
1440	7.875
1441	15.83
1442	3.955
1443	6.432
1444	9.712
1445	20.51
1446	22.95
1447	7.3
1448	4.33
1449	10.17
1450	9.22
1451	23.84
1452	10.83
1453	3.716
1454	3.864
1455	6.035
1456	13.62
1457	2.299
1458	8.273
1459	15.48
1460	9.66
1461	21.53
1462	13.79
1463	16.61
1464	18.03
1465	15.48
1466	31.94
1467	4.309
1468	10.1
1469	6.845
1470	6.102
1471	5.118
1472	5.409
1473	4.947
1474	4.744
1475	4.89
1476	4.749
1477	4.694
1478	4.537
1479	5.138
1480	3.358
1481	7.383
1482	10.22
1483	17.68
1484	14.35
1485	9.551
1486	11.27
1487	9.711
1488	5.84
1489	-0.2172
1490	13.07
1491	12.16
1492	2.096
1493	8.959
1494	3.732
1495	17.42
1496	16.15
1497	22.47
1498	16.39
1499	17.68
1500	10.36
1001	4.923
1002	4.369
1003	8.008
1004	10.93
1005	0.4889
1006	20.84
1007	17.3
1008	6.436
1009	9.693
1010	3.758
1011	10.42
1012	8.478
1013	8.958
1014	0.3846
1015	8.07
1016	2.236
1017	5.782
1018	6.988
1019	6.926
1020	13.5
1021	9.289
1022	9.756
1023	7.214
1024	-3.168
1025	-1.866
1026	9.058
1027	4.152
1028	3.145
1029	2.778
1030	2.59
1031	3.585
1032	-0.3188
1033	9.504
1034	0.08695
1035	8.173
1036	9.702
1037	6.704
1038	5.756
1039	3.049
1040	14.37
1041	6.842
1042	4.643
1043	11.42
1044	8.165
1045	10.37
1046	6.904
1047	10.97
1048	-2.978
1049	19.6
1050	12.0
1051	8.231
1052	7.398
1053	7.861
1054	13.56
1055	-4.398
1056	4.86
1057	7.522
1058	15.51
1059	14.21
1060	10.31
1061	12.53
1062	16.02
1063	-5.975
1064	16.64
1065	8.711
1066	8.146
1067	12.61
1068	13.13
1069	6.356
1070	7.164
1071	6.433
1072	10.42
1073	11.5
1074	8.019
1075	2.994
1076	10.02
1077	10.83
1078	9.735
1079	7.582
1080	3.539
1081	0.8425
1082	9.386
1083	-4.144
1084	0.8684
1085	16.49
1086	1.954
1087	14.12
1088	-2.36
1089	10.58
1090	22.86
1091	11.05
1092	7.614
1093	17.95
1094	4.647
1095	4.973
1096	8.657
1097	5.341
1098	8.3
1099	4.584
1100	3.987
1101	8.073
1102	19.78
1103	3.32
1104	-2.642
1105	16.6
1106	6.639
1107	6.135
1108	6.103
1109	11.85
1110	19.76
1111	2.027
1112	7.423
1113	8.599
1114	17.67
1115	5.175
1116	3.987
1117	0.4941
1118	18.69
1119	9.792
1120	5.776
1121	3.158
1122	4.321
1123	4.249
1124	9.305
1125	9.708
1126	12.35
1127	12.39
1128	15.39
1129	8.822
1130	17.62
1131	-1.791
1132	12.67
1133	3.911
1134	0.7027
1135	4.12
1136	11.29
1137	14.43
1138	-1.712
1139	-5.758
1140	5.217
1141	5.558
1142	6.907
1143	0.917
1144	5.169
1145	5.117
1146	16.21
1147	24.3
1148	11.56
1149	10.78
1150	8.99
1151	12.87
1152	12.16
1153	23.14
1154	9.443
1155	9.932
1156	2.92
1157	2.366
1158	2.462
1159	5.703
1160	0.3487
1161	-1.997
1162	6.199
1163	7.89
1164	13.18
1165	8.074
1166	3.119
1167	16.11
1168	13.08
1169	6.071
1170	6.514
1171	6.256
1172	6.096
1173	6.919
1174	5.521
1175	7.404
1176	7.138
1177	-0.6815
1178	9.145
1179	0.5782
1180	10.57
1181	1.13
1182	12.43
1183	12.09
1184	9.175
1185	1.077
1186	10.1
1187	6.58
1188	6.953
1189	15.03
1190	9.524
1191	13.47
1192	12.18
1193	11.31
1194	14.91
1195	10.72
1196	16.32
1197	17.32
1198	17.81
1199	-4.498
1200	-3.692
1201	8.43
1202	9.426
1203	8.351
1204	6.617
1205	5.415
1206	10.49
1207	13.51
1208	10.7
1209	0.9599
1210	-2.087
1211	0.9312
1212	1.431
1213	0.5984
1214	15.38
1215	12.98
1216	12.36
1217	11.6
1218	12.12
1219	11.77
1220	12.19
1221	9.764
1222	3.816
1223	13.3
1224	7.634
1225	9.742
1226	13.34
1227	-4.362
1228	17.96
1229	10.92
1230	14.37
1231	10.52
1232	2.98
1233	12.0
1234	8.039
1235	0.2728
1236	-6.339
1237	9.238
1238	-3.067
1239	4.1
1240	9.703
1241	3.144
1242	14.92
1243	20.14
1244	13.44
1245	14.26
1246	4.521
1247	14.67
1248	1.402
1249	6.493
1250	2.882
1251	5.066
1252	13.05
1253	12.33
1254	21.13
1255	5.505
1256	7.411
1257	17.13
1258	13.23
1259	16.63
1260	5.079
1261	7.263
1262	12.85
1263	7.643
1264	4.74
1265	12.98
1266	6.719
1267	8.739
1268	7.905
1269	-4.561
1270	4.457
1271	6.349
1272	5.774
1273	2.191
1274	14.3
1275	11.04
1276	14.04
1277	9.07
1278	20.66
1279	0.04197
1280	-4.497
1281	2.657
1282	10.68
1283	-3.828
1284	19.31
1285	10.99
1286	-2.192
1287	4.067
1288	7.393
1289	1.169
1290	7.369
1291	-3.785
1292	3.352
1293	9.709
1294	-2.013
1295	8.626
1296	7.047
1297	7.911
1298	8.519
1299	12.62
1300	-0.7163
1301	6.351
1302	13.28
1303	2.373
1304	11.07
1305	-6.732
1306	-2.606
1307	3.021
1308	11.52
1309	7.804
1310	5.595
1311	11.05
1312	7.147
1313	5.351
1314	9.575
1315	21.12
1316	0.8434
1317	-5.521
1318	6.947
1319	11.02
1320	9.279
1321	8.856
1322	10.41
1323	13.92
1324	21.61
1325	9.973
1326	13.86
1327	10.67
1328	8.126
1329	5.774
1330	6.163
1331	14.06
1332	7.024
1333	7.36
1334	-4.557
1335	16.42
1336	14.15
1337	11.16
1338	3.243
1339	0.4946
1340	5.02
1341	4.307
1342	8.556
1343	10.25
1344	2.864
1345	14.01
1346	9.494
1347	5.995
1348	5.973
1349	1.921
1350	13.49
1351	-1.493
1352	-5.155
1353	14.62
1354	11.21
1355	8.027
1356	1.706
1357	0.8595
1358	-2.058
1359	3.26
1360	13.73
1361	16.35
1362	14.35
1363	7.515
1364	-1.027
1365	17.33
1366	13.42
1367	18.89
1368	7.043
1369	14.52
1370	1.341
1371	16.06
1372	-0.3231
1373	2.686
1374	14.75
1375	15.85
1376	16.85
1377	16.93
1378	1.635
1379	-1.197
1380	-2.022
1381	5.134
1382	21.99
1383	9.193
1384	-2.361
1385	3.658
1386	5.776
1387	12.15
1388	18.18
1389	8.576
1390	7.395
1391	7.438
1392	13.16
1393	8.32
1394	16.09
1395	14.22
1396	14.45
1397	9.784
1398	5.131
1399	-1.891
1400	5.052
1401	4.656
1402	1.539
1403	-5.712
1404	10.52
1405	10.77
1406	8.799
1407	15.22
1408	11.89
1409	6.88
1410	13.13
1411	15.15
1412	23.14
1413	-8.748
1414	24.57
1415	0.2273
1416	15.24
1417	2.829
1418	-2.097
1419	31.4
1420	14.7
1421	9.529
1422	13.22
1423	7.76
1424	4.355
1425	2.194
1426	6.184
1427	6.484
1428	6.503
1429	12.07
1430	12.69
1431	8.122
1432	9.211
1433	9.156
1434	5.611
1435	1.409
1436	10.87
1437	2.322
1438	2.415
1439	1.297
1440	7.735
1441	4.951
1442	14.24
1443	-1.406
1444	6.78
1445	20.78
1446	8.594
1447	12.48
1448	1.008
1449	8.504
1450	6.934
1451	10.58
1452	6.568
1453	3.026
1454	4.435
1455	1.725
1456	4.954
1457	2.277
1458	4.568
1459	9.261
1460	11.71
1461	10.32
1462	15.74
1463	15.5
1464	16.03
1465	14.13
1466	14.44
1467	6.182
1468	8.315
1469	5.478
1470	5.542
1471	5.319
1472	5.472
1473	5.136
1474	4.959
1475	4.797
1476	4.763
1477	5.009
1478	4.767
1479	5.209
1480	4.605
1481	7.413
1482	8.677
1483	7.992
1484	11.18
1485	9.463
1486	11.67
1487	10.15
1488	2.353
1489	8.396
1490	2.988
1491	0.2497
1492	1.443
1493	-0.04903
1494	5.027
1495	12.98
1496	12.92
1497	14.14
1498	12.72
1499	10.42
1500	7.208
1001	4.942
1002	4.572
1003	10.32
1004	13.27
1005	15.33
1006	21.67
1007	0.8807
1008	3.344
1009	-0.5608
1010	27.64
1011	12.45
1012	7.221
1013	9.942
1014	3.349
1015	9.211
1016	-2.204
1017	7.324
1018	6.969
1019	6.656
1020	4.245
1021	5.657
1022	14.12
1023	5.163
1024	0.1737
1025	7.452
1026	-1.041
1027	5.069
1028	2.715
1029	2.7
1030	2.484
1031	1.812
1032	1.631
1033	5.338
1034	2.328
1035	5.573
1036	7.493
1037	5.016
1038	11.6
1039	7.557
1040	12.59
1041	3.644
1042	6.753
1043	0.6694
1044	3.187
1045	20.37
1046	7.486
1047	4.37
1048	1.265
1049	20.71
1050	21.76
1051	7.981
1052	6.238
1053	6.858
1054	-3.519
1055	-0.5364
1056	-5.295
1057	7.184
1058	8.284
1059	2.162
1060	8.668
1061	13.63
1062	25.44
1063	6.358
1064	15.53
1065	6.424
1066	8.783
1067	14.12
1068	11.04
1069	16.16
1070	0.9164
1071	-1.543
1072	-0.3272
1073	-18.16
1074	-7.963
1075	-8.621
1076	13.68
1077	10.44
1078	19.46
1079	6.906
1080	-1.214
1081	-9.436
1082	-0.7634
1083	11.16
1084	1.865
1085	2.886
1086	17.54
1087	6.072
1088	-12.16
1089	-1.662
1090	2.856
1091	10.43
1092	1.817
1093	3.257
1094	-6.096
1095	-4.292
1096	-0.2037
1097	3.141
1098	10.35
1099	3.548
1100	-2.778
1101	8.794
1102	10.79
1103	-0.7325
1104	19.63
1105	0.8575
1106	6.742
1107	6.631
1108	6.245
1109	8.097
1110	-6.911
1111	-0.3097
1112	0.03133
1113	17.88
1114	22.46
1115	8.048
1116	19.25
1117	16.02
1118	0.2381
1119	-0.7504
1120	5.257
1121	3.883
1122	4.18
1123	3.936
1124	9.123
1125	10.99
1126	13.81
1127	12.53
1128	8.127
1129	1.753
1130	-3.38
1131	-2.423
1132	22.92
1133	7.242
1134	0.935
1135	5.335
1136	11.44
1137	7.779
1138	-2.005
1139	-2.045
1140	-6.848
1141	-16.28
1142	20.41
1143	2.095
1144	3.426
1145	5.75
1146	16.54
1147	-4.719
1148	5.233
1149	4.289
1150	8.702
1151	17.81
1152	9.895
1153	3.78
1154	-0.9817
1155	4.683
1156	0.1357
1157	8.331
1158	2.824
1159	4.72
1160	5.1
1161	0.8374
1162	10.13
1163	7.677
1164	14.96
1165	11.33
1166	6.058
1167	11.8
1168	12.85
1169	7.772
1170	6.487
1171	6.934
1172	6.858
1173	6.108
1174	5.494
1175	6.608
1176	13.07
1177	15.32
1178	11.91
1179	-1.679
1180	-23.33
1181	-4.032
1182	8.609
1183	20.41
1184	17.59
1185	7.226
1186	3.536
1187	4.871
1188	6.928
1189	4.35
1190	4.4
1191	14.12
1192	13.54
1193	12.64
1194	18.07
1195	2.661
1196	14.4
1197	15.84
1198	14.55
1199	6.874
1200	-3.803
1201	8.086
1202	9.185
1203	8.273
1204	3.29
1205	3.71
1206	11.16
1207	17.14
1208	3.869
1209	0.5691
1210	0.679
1211	1.075
1212	0.4462
1213	-0.7509
1214	13.23
1215	19.42
1216	10.8
1217	12.67
1218	11.81
1219	11.74
1220	12.58
1221	22.12
1222	1.601
1223	13.59
1224	8.386
1225	9.892
1226	-0.2104
1227	0.9122
1228	17.83
1229	13.25
1230	7.769
1231	6.658
1232	6.764
1233	3.249
1234	-8.264
1235	-0.0782
1236	-9.571
1237	13.0
1238	8.364
1239	1.981
1240	11.95
1241	-15.17
1242	21.1
1243	18.51
1244	-3.27
1245	13.64
1246	11.0
1247	14.61
1248	16.99
1249	6.406
1250	2.793
1251	-3.966
1252	-4.659
1253	12.94
1254	22.33
1255	9.602
1256	10.26
1257	9.524
1258	12.33
1259	18.59
1260	-2.615
1261	12.54
1262	0.2182
1263	0.8931
1264	3.51
1265	16.43
1266	12.69
1267	5.138
1268	3.088
1269	-1.209
1270	5.625
1271	4.931
1272	2.48
1273	4.623
1274	11.42
1275	11.02
1276	10.4
1277	10.88
1278	17.14
1279	-1.936
1280	3.525
1281	10.86
1282	7.546
1283	7.844
1284	18.75
1285	-18.75
1286	-12.04
1287	10.44
1288	6.092
1289	0.486
1290	24.9
1291	7.502
1292	-14.46
1293	-11.84
1294	9.245
1295	8.187
1296	6.914
1297	6.956
1298	6.674
1299	15.04
1300	3.393
1301	6.906
1302	-2.756
1303	11.33
1304	-5.363
1305	-1.158
1306	10.82
1307	19.38
1308	-0.8841
1309	-0.6017
1310	16.21
1311	9.41
1312	8.027
1313	10.26
1314	-11.2
1315	18.91
1316	-2.758
1317	-5.493
1318	-2.22
1319	8.178
1320	8.441
1321	8.925
1322	10.98
1323	-5.758
1324	9.621
1325	0.7076
1326	13.83
1327	4.762
1328	10.08
1329	9.473
1330	8.365
1331	8.004
1332	-8.773
1333	16.88
1334	8.151
1335	-7.575
1336	5.52
1337	4.695
1338	-10.09
1339	0.3695
1340	1.729
1341	-2.149
1342	6.202
1343	10.59
1344	-1.3
1345	12.7
1346	2.209
1347	-0.3274
1348	-0.01069
1349	4.986
1350	27.83
1351	-4.236
1352	0.8582
1353	9.862
1354	11.8
1355	13.62
1356	4.928
1357	5.056
1358	2.282
1359	-3.148
1360	22.82
1361	16.16
1362	18.2
1363	7.452
1364	-2.288
1365	15.56
1366	12.66
1367	16.76
1368	11.37
1369	14.35
1370	6.916
1371	9.051
1372	-13.57
1373	4.326
1374	18.52
1375	16.96
1376	17.13
1377	16.68
1378	4.04
1379	17.68
1380	7.319
1381	7.765
1382	12.34
1383	4.879
1384	11.15
1385	5.754
1386	7.846
1387	-40.38
1388	24.77
1389	13.2
1390	10.38
1391	14.27
1392	17.79
1393	-4.46
1394	11.75
1395	13.31
1396	13.59
1397	10.17
1398	6.92
1399	5.892
1400	3.488
1401	5.999
1402	12.31
1403	-6.225
1404	8.688
1405	12.14
1406	12.65
1407	7.054
1408	20.0
1409	3.24
1410	9.327
1411	14.09
1412	17.73
1413	-15.25
1414	4.984
1415	3.361
1416	-12.52
1417	5.588
1418	13.3
1419	17.37
1420	5.067
1421	-11.12
1422	-5.219
1423	9.112
1424	3.352
1425	8.281
1426	5.728
1427	6.3
1428	2.895
1429	10.92
1430	13.19
1431	2.181
1432	4.974
1433	7.822
1434	9.3
1435	3.95
1436	2.473
1437	3.19
1438	0.9753
1439	13.58
1440	7.869
1441	1.548
1442	-10.73
1443	9.264
1444	9.61
1445	19.66
1446	15.94
1447	9.2
1448	4.396
1449	8.734
1450	-7.553
1451	17.31
1452	9.682
1453	6.513
1454	5.549
1455	4.618
1456	5.365
1457	-0.04174
1458	3.445
1459	11.64
1460	10.63
1461	1.312
1462	16.86
1463	17.35
1464	15.06
1465	17.26
1466	-18.41
1467	4.575
1468	11.22
1469	5.892
1470	4.855
1471	5.18
1472	5.279
1473	5.114
1474	5.218
1475	5.377
1476	5.221
1477	4.67
1478	3.924
1479	4.611
1480	3.738
1481	4.548
1482	6.668
1483	3.367
1484	6.872
1485	9.522
1486	11.46
1487	9.941
1488	1.909
1489	-6.176
1490	8.817
1491	0.8423
1492	8.652
1493	-10.04
1494	6.173
1495	10.19
1496	0.1625
1497	5.589
1498	13.03
1499	10.48
1500	7.94
1001	4.997
1002	5.494
1003	8.954
1004	3.71
1005	-2.549
1006	12.77
1007	13.01
1008	13.48
1009	12.14
1010	2.911
1011	1.107
1012	11.35
1013	8.791
1014	10.03
1015	8.247
1016	6.279
1017	6.494
1018	6.194
1019	4.557
1020	14.69
1021	-3.385
1022	9.718
1023	7.982
1024	2.02
1025	1.402
1026	1.86
1027	4.331
1028	2.992
1029	2.736
1030	2.766
1031	2.929
1032	-3.313
1033	6.093
1034	2.252
1035	0.9772
1036	11.71
1037	11.73
1038	7.624
1039	0.3123
1040	0.9425
1041	10.48
1042	-4.861
1043	8.36
1044	8.43
1045	13.12
1046	5.547
1047	20.72
1048	18.19
1049	3.559
1050	14.06
1051	9.557
1052	6.536
1053	6.666
1054	9.653
1055	-3.927
1056	1.718
1057	15.44
1058	-11.45
1059	13.39
1060	14.33
1061	1.696
1062	11.54
1063	8.488
1064	18.21
1065	11.95
1066	10.1
1067	17.22
1068	2.492
1069	3.627
1070	-0.3491
1071	14.49
1072	4.219
1073	0.4501
1074	9.026
1075	15.31
1076	2.192
1077	10.22
1078	0.205
1079	10.72
1080	1.06
1081	3.392
1082	3.55
1083	-2.603
1084	6.286
1085	12.95
1086	17.78
1087	15.35
1088	15.31
1089	0.2174
1090	6.686
1091	10.3
1092	4.474
1093	5.524
1094	-12.03
1095	1.686
1096	17.01
1097	5.059
1098	12.23
1099	10.13
1100	-29.15
1101	11.06
1102	1.594
1103	19.06
1104	10.53
1105	1.351
1106	8.219
1107	5.94
1108	8.112
1109	1.377
1110	25.27
1111	9.525
1112	13.61
1113	13.73
1114	13.65
1115	5.985
1116	8.467
1117	7.048
1118	6.629
1119	10.6
1120	2.55
1121	4.8
1122	3.397
1123	3.664
1124	5.954
1125	9.091
1126	13.47
1127	11.83
1128	5.627
1129	1.611
1130	6.58
1131	2.627
1132	11.46
1133	6.212
1134	5.245
1135	9.094
1136	8.803
1137	14.89
1138	0.2473
1139	12.05
1140	-9.088
1141	14.58
1142	-0.07838
1143	1.802
1144	5.951
1145	6.287
1146	12.35
1147	1.444
1148	15.09
1149	-9.399
1150	8.609
1151	16.85
1152	8.041
1153	4.235
1154	2.922
1155	5.131
1156	0.3415
1157	7.062
1158	4.725
1159	9.62
1160	8.26
1161	1.134
1162	6.258
1163	8.771
1164	13.18
1165	6.253
1166	6.96
1167	0.6599
1168	9.527
1169	6.064
1170	6.875
1171	6.499
1172	6.89
1173	6.264
1174	5.84
1175	7.958
1176	11.71
1177	3.655
1178	7.427
1179	18.2
1180	10.23
1181	-12.11
1182	8.544
1183	-6.293
1184	11.63
1185	8.632
1186	11.59
1187	5.2
1188	8.311
1189	11.07
1190	1.116
1191	9.821
1192	12.17
1193	9.209
1194	14.09
1195	10.59
1196	18.43
1197	20.87
1198	22.56
1199	3.26
1200	-3.046
1201	7.136
1202	9.903
1203	7.38
1204	4.923
1205	4.487
1206	8.176
1207	13.16
1208	8.933
1209	0.01102
1210	2.67
1211	1.313
1212	1.399
1213	-0.832
1214	6.657
1215	12.7
1216	10.28
1217	11.28
1218	12.1
1219	12.14
1220	12.19
1221	14.03
1222	15.19
1223	13.13
1224	9.32
1225	7.888
1226	-5.328
1227	3.233
1228	11.8
1229	14.62
1230	0.9564
1231	6.754
1232	6.358
1233	9.206
1234	15.76
1235	0.9144
1236	19.45
1237	7.75
1238	13.06
1239	2.16
1240	16.65
1241	6.099
1242	8.393
1243	17.34
1244	8.595
1245	15.39
1246	13.13
1247	13.54
1248	-1.736
1249	6.179
1250	2.184
1251	5.705
1252	0.7903
1253	12.81
1254	21.38
1255	2.062
1256	6.625
1257	11.68
1258	9.493
1259	8.738
1260	0.9931
1261	11.14
1262	2.475
1263	11.58
1264	20.66
1265	14.86
1266	13.9
1267	7.865
1268	12.83
1269	-1.927
1270	5.081
1271	3.153
1272	2.673
1273	11.4
1274	9.008
1275	1.736
1276	13.88
1277	10.78
1278	11.83
1279	6.218
1280	2.912
1281	12.81
1282	16.47
1283	9.103
1284	12.14
1285	4.624
1286	5.753
1287	0.9611
1288	21.27
1289	3.679
1290	8.598
1291	12.73
1292	24.41
1293	4.176
1294	9.948
1295	5.998
1296	6.196
1297	8.348
1298	7.282
1299	12.77
1300	19.83
1301	-1.461
1302	15.84
1303	3.176
1304	-4.449
1305	15.3
1306	10.49
1307	0.5934
1308	10.7
1309	-4.558
1310	12.19
1311	5.638
1312	7.645
1313	5.269
1314	8.545
1315	-6.08
1316	-2.954
1317	-8.025
1318	0.2953
1319	8.846
1320	9.151
1321	10.63
1322	12.3
1323	19.76
1324	24.29
1325	6.795
1326	11.71
1327	21.39
1328	9.009
1329	9.493
1330	6.369
1331	11.28
1332	12.11
1333	10.33
1334	-1.24
1335	2.583
1336	6.699
1337	5.629
1338	0.4906
1339	6.541
1340	17.1
1341	5.651
1342	12.24
1343	8.588
1344	14.44
1345	6.805
1346	10.34
1347	-7.147
1348	0.3389
1349	2.816
1350	15.78
1351	4.463
1352	-2.983
1353	16.29
1354	11.16
1355	10.17
1356	5.371
1357	4.192
1358	4.251
1359	11.05
1360	27.08
1361	15.1
1362	19.37
1363	10.42
1364	-3.785
1365	20.04
1366	13.54
1367	20.08
1368	10.86
1369	6.997
1370	9.858
1371	12.09
1372	9.824
1373	17.58
1374	14.84
1375	16.19
1376	15.06
1377	16.57
1378	2.038
1379	4.172
1380	9.024
1381	15.97
1382	6.969
1383	14.76
1384	15.02
1385	-8.706
1386	7.783
1387	23.99
1388	19.49
1389	9.885
1390	9.155
1391	12.45
1392	22.25
1393	-5.419
1394	13.96
1395	13.5
1396	13.9
1397	12.71
1398	-7.406
1399	8.518
1400	10.59
1401	6.419
1402	2.046
1403	4.015
1404	4.971
1405	11.46
1406	18.18
1407	7.186
1408	20.24
1409	13.83
1410	6.373
1411	10.83
1412	24.35
1413	3.85
1414	-6.839
1415	6.541
1416	-0.8887
1417	5.392
1418	2.323
1419	20.96
1420	4.005
1421	5.098
1422	14.93
1423	16.53
1424	5.363
1425	4.975
1426	7.516
1427	6.528
1428	21.88
1429	-2.538
1430	8.849
1431	0.7834
1432	-2.051
1433	9.655
1434	7.144
1435	5.934
1436	4.85
1437	6.905
1438	1.415
1439	4.893
1440	5.228
1441	-0.3467
1442	14.86
1443	3.248
1444	7.609
1445	-5.303
1446	33.7
1447	10.19
1448	13.07
1449	7.997
1450	-1.589
1451	14.1
1452	9.107
1453	3.287
1454	6.045
1455	5.352
1456	2.584
1457	6.165
1458	4.884
1459	13.37
1460	8.369
1461	-0.8504
1462	15.25
1463	19.42
1464	17.0
1465	14.16
1466	-4.07
1467	9.635
1468	7.803
1469	6.04
1470	4.914
1471	5.168
1472	5.212
1473	4.489
1474	6.416
1475	4.941
1476	4.385
1477	4.906
1478	4.48
1479	4.739
1480	4.693
1481	6.072
1482	8.608
1483	10.1
1484	20.19
1485	9.364
1486	11.37
1487	9.982
1488	2.899
1489	-0.4066
1490	5.012
1491	13.47
1492	-3.846
1493	4.616
1494	9.852
1495	9.843
1496	4.441
1497	17.58
1498	13.56
1499	18.27
1500	7.318
1001	4.651
1002	4.734
1003	11.32
1004	-1.645
1005	10.95
1006	6.333
1007	6.063
1008	5.477
1009	8.153
1010	9.249
1011	-8.102
1012	8.223
1013	7.777
1014	-8.328
1015	9.117
1016	8.857
1017	8.207
1018	7.126
1019	6.683
1020	7.345
1021	-4.386
1022	8.91
1023	6.959
1024	5.561
1025	3.551
1026	0.7952
1027	4.422
1028	2.755
1029	2.868
1030	2.397
1031	4.389
1032	1.128
1033	2.073
1034	5.818
1035	2.32
1036	8.725
1037	2.974
1038	7.124
1039	5.042
1040	-0.6206
1041	4.791
1042	5.365
1043	7.574
1044	12.43
1045	11.04
1046	8.15
1047	7.281
1048	0.9921
1049	8.253
1050	2.195
1051	13.08
1052	6.541
1053	6.405
1054	1.118
1055	2.887
1056	4.028
1057	11.91
1058	9.371
1059	3.97
1060	7.211
1061	3.879
1062	9.418
1063	-2.101
1064	-12.12
1065	14.66
1066	12.88
1067	5.441
1068	16.29
1069	2.728
1070	-3.54
1071	9.312
1072	-1.153
1073	8.113
1074	-5.727
1075	-9.058
1076	7.801
1077	5.678
1078	7.374
1079	7.877
1080	-16.75
1081	-0.1531
1082	2.711
1083	-5.941
1084	-0.1252
1085	2.749
1086	-8.679
1087	-0.3792
1088	-11.35
1089	-5.957
1090	-6.581
1091	9.967
1092	3.12
1093	-8.417
1094	-9.443
1095	6.187
1096	3.961
1097	9.114
1098	11.44
1099	10.74
1100	-1.579
1101	7.7
1102	15.37
1103	7.027
1104	-5.559
1105	24.73
1106	7.68
1107	6.769
1108	5.288
1109	1.748
1110	-3.569
1111	-6.999
1112	4.226
1113	5.382
1114	-7.735
1115	3.14
1116	-6.659
1117	16.56
1118	-6.2
1119	0.3925
1120	6.896
1121	0.514
1122	4.895
1123	3.996
1124	2.957
1125	11.04
1126	12.98
1127	10.95
1128	-3.834
1129	5.687
1130	6.694
1131	-1.559
1132	4.687
1133	13.6
1134	4.717
1135	4.464
1136	10.87
1137	11.58
1138	0.9966
1139	2.412
1140	-4.29
1141	6.548
1142	4.991
1143	1.087
1144	4.014
1145	3.615
1146	4.232
1147	4.996
1148	-4.538
1149	-4.361
1150	4.585
1151	7.154
1152	9.994
1153	-6.798
1154	-8.074
1155	7.636
1156	0.2939
1157	9.161
1158	2.373
1159	2.207
1160	0.4802
1161	-4.338
1162	5.713
1163	6.731
1164	13.24
1165	9.096
1166	5.552
1167	-17.45
1168	7.137
1169	6.826
1170	6.35
1171	6.697
1172	6.541
1173	6.155
1174	6.195
1175	5.781
1176	13.51
1177	2.869
1178	4.464
1179	4.622
1180	-11.88
1181	-1.402
1182	8.667
1183	6.432
1184	16.85
1185	2.105
1186	-0.4443
1187	6.586
1188	7.663
1189	-0.2983
1190	0.5791
1191	12.9
1192	16.24
1193	10.2
1194	13.94
1195	12.22
1196	10.79
1197	17.1
1198	14.92
1199	3.227
1200	-1.506
1201	7.555
1202	8.998
1203	5.441
1204	6.509
1205	4.902
1206	9.985
1207	13.63
1208	6.708
1209	0.2934
1210	0.3683
1211	1.396
1212	0.9796
1213	-0.9852
1214	5.016
1215	12.59
1216	10.45
1217	12.64
1218	12.13
1219	12.04
1220	12.39
1221	6.004
1222	-5.085
1223	13.44
1224	9.07
1225	2.804
1226	5.765
1227	2.127
1228	13.16
1229	6.788
1230	5.14
1231	7.533
1232	6.101
1233	8.238
1234	-3.673
1235	2.692
1236	-4.244
1237	6.634
1238	5.196
1239	10.09
1240	-12.18
1241	-4.687
1242	-1.302
1243	-2.891
1244	9.424
1245	10.22
1246	8.339
1247	13.12
1248	2.985
1249	3.962
1250	4.557
1251	-2.686
1252	14.42
1253	8.5
1254	14.54
1255	-5.091
1256	5.68
1257	10.45
1258	10.88
1259	7.215
1260	16.38
1261	9.89
1262	3.055
1263	-6.113
1264	2.586
1265	11.18
1266	3.407
1267	0.3599
1268	7.621
1269	6.975
1270	5.593
1271	4.002
1272	-3.78
1273	5.915
1274	9.134
1275	14.06
1276	-3.233
1277	1.996
1278	13.41
1279	-2.237
1280	-2.121
1281	6.656
1282	14.11
1283	3.184
1284	6.395
1285	-9.037
1286	10.76
1287	10.05
1288	-17.24
1289	1.017
1290	3.622
1291	15.76
1292	6.113
1293	7.649
1294	-2.508
1295	15.76
1296	6.982
1297	8.116
1298	3.868
1299	1.638
1300	14.65
1301	-3.403
1302	3.759
1303	11.63
1304	-0.1451
1305	-7.861
1306	-4.121
1307	-3.401
1308	3.91
1309	-2.875
1310	10.41
1311	10.59
1312	9.724
1313	-1.987
1314	-9.225
1315	-9.643
1316	-1.539
1317	6.363
1318	-0.1255
1319	7.998
1320	9.451
1321	10.17
1322	9.223
1323	6.534
1324	3.387
1325	1.033
1326	-12.04
1327	3.131
1328	10.71
1329	7.038
1330	6.833
1331	9.588
1332	1.087
1333	4.572
1334	-2.203
1335	-2.931
1336	11.15
1337	11.52
1338	-6.184
1339	5.245
1340	-1.789
1341	-0.6144
1342	9.737
1343	10.69
1344	7.518
1345	-0.1559
1346	-1.231
1347	-1.784
1348	1.448
1349	2.852
1350	5.109
1351	-4.117
1352	-4.376
1353	10.96
1354	12.04
1355	6.807
1356	6.291
1357	7.364
1358	2.565
1359	8.235
1360	15.63
1361	15.36
1362	17.17
1363	6.909
1364	6.62
1365	12.72
1366	13.07
1367	19.58
1368	3.1
1369	1.464
1370	10.09
1371	7.032
1372	-12.51
1373	4.188
1374	6.74
1375	15.73
1376	16.9
1377	17.41
1378	5.431
1379	2.445
1380	4.893
1381	9.974
1382	6.17
1383	-1.951
1384	3.555
1385	-2.15
1386	-3.28
1387	-4.324
1388	6.129
1389	6.838
1390	8.089
1391	12.31
1392	7.348
1393	-8.241
1394	11.89
1395	14.06
1396	14.76
1397	11.21
1398	5.102
1399	-3.361
1400	2.986
1401	8.505
1402	0.8014
1403	10.49
1404	7.655
1405	11.25
1406	0.04003
1407	-1.73
1408	16.12
1409	-2.41
1410	9.037
1411	11.69
1412	23.66
1413	-3.752
1414	-2.086
1415	-6.18
1416	-7.04
1417	4.962
1418	9.491
1419	5.989
1420	8.424
1421	-9.465
1422	18.14
1423	-1.403
1424	3.783
1425	5.613
1426	5.408
1427	6.134
1428	6.206
1429	10.88
1430	4.664
1431	-0.1116
1432	8.939
1433	8.687
1434	7.572
1435	4.686
1436	-2.31
1437	7.798
1438	6.441
1439	-8.484
1440	4.604
1441	0.6572
1442	5.377
1443	3.997
1444	14.78
1445	7.948
1446	5.753
1447	10.6
1448	5.647
1449	8.467
1450	1.613
1451	5.347
1452	3.695
1453	4.032
1454	0.8991
1455	2.234
1456	7.806
1457	6.803
1458	5.131
1459	8.588
1460	11.92
1461	8.305
1462	10.69
1463	17.81
1464	15.22
1465	14.71
1466	-2.164
1467	7.905
1468	4.273
1469	6.18
1470	4.513
1471	5.303
1472	5.099
1473	5.075
1474	4.473
1475	4.963
1476	4.433
1477	4.721
1478	4.951
1479	3.377
1480	3.848
1481	4.469
1482	8.461
1483	9.147
1484	6.407
1485	10.1
1486	10.7
1487	8.972
1488	2.541
1489	-4.724
1490	2.654
1491	10.32
1492	3.165
1493	2.497
1494	2.465
1495	0.159
1496	2.16
1497	-9.81
1498	15.7
1499	13.33
1500	9.706
1001	5.262
1002	5.262
1003	12.1
1004	12.21
1005	2.703
1006	7.017
1007	7.389
1008	-6.123
1009	16.7
1010	14.92
1011	13.42
1012	8.693
1013	9.425
1014	3.764
1015	6.552
1016	3.369
1017	7.25
1018	6.989
1019	6.273
1020	7.369
1021	0.7606
1022	2.231
1023	6.677
1024	2.356
1025	2.58
1026	5.492
1027	4.214
1028	2.742
1029	2.89
1030	2.679
1031	3.773
1032	10.53
1033	7.96
1034	2.153
1035	12.6
1036	9.123
1037	5.09
1038	5.718
1039	4.196
1040	6.681
1041	4.818
1042	-4.148
1043	5.617
1044	8.701
1045	16.09
1046	7.572
1047	3.562
1048	7.397
1049	3.188
1050	11.92
1051	7.536
1052	7.681
1053	7.09
1054	7.213
1055	11.93
1056	3.912
1057	13.21
1058	13.64
1059	7.114
1060	6.761
1061	6.753
1062	5.416
1063	-1.672
1064	-6.233
1065	4.787
1066	13.77
1067	-7.242
1068	2.452
1069	8.406
1070	6.323
1071	-0.2218
1072	-2.719
1073	5.193
1074	3.608
1075	5.034
1076	18.4
1077	6.188
1078	7.349
1079	17.02
1080	3.053
1081	3.588
1082	3.334
1083	6.981
1084	3.263
1085	11.76
1086	-1.466
1087	-0.3551
1088	19.34
1089	-5.593
1090	-3.108
1091	8.624
1092	7.45
1093	-7.79
1094	3.7
1095	2.048
1096	4.874
1097	3.412
1098	9.714
1099	10.85
1100	2.636
1101	7.874
1102	9.692
1103	-1.798
1104	22.45
1105	20.24
1106	9.02
1107	7.102
1108	6.408
1109	12.87
1110	0.2237
1111	-3.329
1112	7.508
1113	10.55
1114	3.24
1115	4.963
1116	9.504
1117	8.141
1118	12.64
1119	-4.293
1120	6.596
1121	-2.491
1122	4.49
1123	3.765
1124	1.163
1125	11.3
1126	13.05
1127	10.96
1128	6.735
1129	9.378
1130	-6.01
1131	-5.881
1132	15.62
1133	4.061
1134	4.635
1135	4.143
1136	11.03
1137	3.719
1138	-2.087
1139	9.164
1140	-5.066
1141	4.759
1142	1.658
1143	1.268
1144	3.43
1145	5.452
1146	16.4
1147	8.512
1148	4.69
1149	14.29
1150	9.798
1151	15.02
1152	9.056
1153	6.013
1154	-7.55
1155	5.848
1156	1.709
1157	5.069
1158	-3.172
1159	4.005
1160	16.76
1161	8.3
1162	6.508
1163	-1.947
1164	13.3
1165	6.263
1166	2.868
1167	9.682
1168	1.067
1169	7.272
1170	6.473
1171	7.203
1172	6.409
1173	6.273
1174	5.634
1175	18.28
1176	8.314
1177	9.153
1178	19.9
1179	24.22
1180	1.977
1181	-2.314
1182	12.24
1183	2.35
1184	15.1
1185	0.1137
1186	5.994
1187	5.87
1188	6.855
1189	-6.42
1190	1.969
1191	10.46
1192	14.4
1193	9.63
1194	15.4
1195	14.44
1196	12.67
1197	23.0
1198	13.34
1199	0.00623
1200	-1.088
1201	9.164
1202	9.646
1203	9.813
1204	4.085
1205	6.293
1206	9.175
1207	10.5
1208	11.69
1209	0.2263
1210	1.857
1211	0.7419
1212	1.12
1213	0.5637
1214	-0.4155
1215	15.26
1216	10.0
1217	11.82
1218	12.15
1219	11.86
1220	11.88
1221	8.322
1222	16.88
1223	13.43
1224	10.25
1225	5.386
1226	1.55
1227	-7.956
1228	14.62
1229	15.23
1230	-15.34
1231	6.996
1232	0.6077
1233	12.88
1234	14.49
1235	-11.51
1236	-4.701
1237	8.021
1238	3.324
1239	9.256
1240	-2.917
1241	26.31
1242	15.19
1243	18.68
1244	3.104
1245	13.3
1246	7.352
1247	10.15
1248	-1.307
1249	6.219
1250	5.047
1251	1.678
1252	-3.366
1253	9.145
1254	13.78
1255	8.043
1256	8.827
1257	6.793
1258	12.33
1259	23.5
1260	-11.58
1261	5.78
1262	10.4
1263	11.28
1264	0.8253
1265	15.79
1266	9.623
1267	-6.951
1268	7.042
1269	4.815
1270	7.481
1271	3.222
1272	4.922
1273	-2.294
1274	7.376
1275	-16.0
1276	-3.638
1277	4.605
1278	14.25
1279	23.48
1280	3.92
1281	8.819
1282	13.04
1283	0.5733
1284	-4.061
1285	-1.467
1286	-2.078
1287	6.252
1288	14.03
1289	-0.3006
1290	13.58
1291	4.815
1292	-4.66
1293	12.63
1294	10.02
1295	4.57
1296	7.149
1297	6.308
1298	15.55
1299	10.04
1300	14.91
1301	9.356
1302	10.22
1303	2.763
1304	-6.198
1305	11.58
1306	7.562
1307	5.879
1308	-3.139
1309	-1.094
1310	3.728
1311	6.358
1312	8.421
1313	0.9476
1314	-2.119
1315	9.075
1316	-0.6136
1317	-3.398
1318	-4.252
1319	9.167
1320	9.687
1321	9.383
1322	4.493
1323	4.346
1324	24.24
1325	-2.31
1326	-8.672
1327	10.15
1328	9.105
1329	9.036
1330	7.938
1331	11.11
1332	9.304
1333	-13.85
1334	6.416
1335	-7.494
1336	10.85
1337	14.18
1338	-0.6186
1339	1.054
1340	-1.392
1341	12.97
1342	12.21
1343	14.52
1344	13.82
1345	14.79
1346	25.69
1347	1.201
1348	12.38
1349	5.043
1350	3.788
1351	3.138
1352	-6.009
1353	13.17
1354	11.95
1355	6.081
1356	5.34
1357	3.036
1358	0.21
1359	5.835
1360	11.89
1361	13.51
1362	17.85
1363	6.962
1364	5.34
1365	15.09
1366	10.96
1367	16.34
1368	18.94
1369	8.479
1370	4.505
1371	-4.286
1372	-12.33
1373	-6.999
1374	11.95
1375	16.64
1376	17.3
1377	17.39
1378	3.398
1379	10.29
1380	16.95
1381	-0.1362
1382	5.449
1383	5.391
1384	5.582
1385	4.848
1386	10.44
1387	-13.15
1388	9.377
1389	7.458
1390	9.572
1391	13.01
1392	-3.074
1393	-1.816
1394	9.663
1395	14.28
1396	15.49
1397	7.569
1398	11.77
1399	5.912
1400	2.064
1401	4.822
1402	-9.404
1403	8.783
1404	5.2
1405	20.84
1406	7.419
1407	17.61
1408	16.41
1409	6.336
1410	9.718
1411	12.51
1412	14.0
1413	-2.633
1414	10.14
1415	0.2685
1416	-24.61
1417	10.87
1418	11.84
1419	16.48
1420	7.77
1421	7.703
1422	1.948
1423	12.02
1424	4.206
1425	7.794
1426	6.44
1427	10.38
1428	14.83
1429	2.045
1430	3.811
1431	27.06
1432	8.6
1433	9.686
1434	5.135
1435	10.54
1436	8.029
1437	0.4998
1438	6.346
1439	9.974
1440	9.797
1441	5.641
1442	7.296
1443	-1.316
1444	8.6
1445	15.88
1446	6.197
1447	7.172
1448	6.746
1449	9.088
1450	3.159
1451	-3.166
1452	8.755
1453	5.232
1454	5.0
1455	1.874
1456	-11.68
1457	12.15
1458	5.432
1459	8.087
1460	9.237
1461	-12.36
1462	10.29
1463	20.74
1464	18.27
1465	13.33
1466	30.34
1467	5.036
1468	9.189
1469	6.09
1470	4.852
1471	5.215
1472	5.216
1473	4.703
1474	4.998
1475	4.755
1476	4.435
1477	5.001
1478	4.468
1479	5.565
1480	3.733
1481	5.119
1482	10.43
1483	4.05
1484	0.485
1485	9.422
1486	10.63
1487	9.851
1488	5.584
1489	-4.639
1490	-2.45
1491	-15.16
1492	-1.998
1493	1.801
1494	11.38
1495	-3.557
1496	16.5
1497	9.786
1498	19.12
1499	6.353
1500	14.18
1001	5.181
1002	5.44
1003	9.642
1004	16.79
1005	16.88
1006	17.13
1007	38.85
1008	25.77
1009	15.96
1010	23.5
1011	8.471
1012	9.765
1013	8.632
1014	9.456
1015	8.77
1016	4.967
1017	7.881
1018	6.818
1019	6.521
1020	16.22
1021	-3.708
1022	4.61
1023	11.65
1024	7.987
1025	5.347
1026	4.166
1027	3.468
1028	2.757
1029	2.875
1030	2.687
1031	5.637
1032	4.746
1033	9.051
1034	8.832
1035	6.971
1036	13.58
1037	10.55
1038	11.76
1039	4.792
1040	0.7834
1041	9.354
1042	7.635
1043	18.95
1044	12.04
1045	13.31
1046	6.611
1047	21.51
1048	20.59
1049	18.83
1050	3.69
1051	7.509
1052	5.791
1053	6.676
1054	16.67
1055	2.282
1056	12.66
1057	17.89
1058	12.01
1059	14.9
1060	11.05
1061	16.19
1062	18.38
1063	17.7
1064	13.46
1065	12.07
1066	9.298
1067	9.464
1068	8.29
1069	7.482
1070	9.43
1071	-1.349
1072	14.54
1073	19.75
1074	6.049
1075	22.78
1076	2.155
1077	7.479
1078	4.046
1079	3.843
1080	15.32
1081	0.5305
1082	8.752
1083	12.19
1084	4.897
1085	6.692
1086	9.683
1087	20.86
1088	42.62
1089	2.244
1090	15.9
1091	10.1
1092	20.05
1093	26.24
1094	13.66
1095	14.58
1096	13.49
1097	5.019
1098	6.517
1099	3.138
1100	9.023
1101	10.18
1102	15.21
1103	20.67
1104	10.08
1105	24.01
1106	7.736
1107	6.724
1108	5.33
1109	7.845
1110	25.96
1111	6.883
1112	2.486
1113	17.95
1114	22.66
1115	4.37
1116	2.851
1117	13.2
1118	13.3
1119	26.75
1120	4.899
1121	4.044
1122	3.769
1123	4.111
1124	4.656
1125	10.84
1126	12.66
1127	14.14
1128	12.63
1129	5.795
1130	7.317
1131	3.632
1132	20.95
1133	9.175
1134	7.256
1135	5.324
1136	9.914
1137	3.232
1138	4.931
1139	16.37
1140	-9.363
1141	20.72
1142	22.36
1143	3.495
1144	4.187
1145	4.382
1146	15.61
1147	18.75
1148	15.19
1149	15.98
1150	6.34
1151	8.789
1152	15.07
1153	18.45
1154	4.297
1155	6.337
1156	3.046
1157	8.672
1158	2.958
1159	10.56
1160	15.21
1161	10.41
1162	12.64
1163	8.08
1164	13.15
1165	10.03
1166	5.3
1167	1.762
1168	9.966
1169	7.871
1170	6.909
1171	6.732
1172	6.119
1173	6.338
1174	5.745
1175	5.403
1176	13.22
1177	16.51
1178	17.44
1179	9.505
1180	10.28
1181	5.867
1182	14.34
1183	3.765
1184	16.44
1185	1.757
1186	4.091
1187	6.532
1188	6.61
1189	10.48
1190	7.113
1191	14.73
1192	14.47
1193	7.77
1194	16.18
1195	26.04
1196	13.88
1197	22.74
1198	17.97
1199	8.535
1200	-0.1417
1201	8.445
1202	9.177
1203	9.75
1204	5.782
1205	7.919
1206	11.36
1207	13.79
1208	7.685
1209	0.121
1210	1.293
1211	0.9195
1212	1.023
1213	-0.1882
1214	15.69
1215	22.81
1216	10.3
1217	12.61
1218	11.76
1219	11.82
1220	12.22
1221	5.579
1222	8.859
1223	17.98
1224	8.973
1225	6.854
1226	18.49
1227	3.065
1228	14.23
1229	13.58
1230	12.78
1231	8.968
1232	6.141
1233	10.49
1234	15.76
1235	9.423
1236	39.44
1237	16.19
1238	13.63
1239	6.352
1240	-1.009
1241	15.75
1242	17.99
1243	15.5
1244	4.507
1245	22.25
1246	16.9
1247	11.3
1248	13.23
1249	5.068
1250	5.132
1251	0.6745
1252	24.66
1253	16.62
1254	16.26
1255	1.225
1256	9.701
1257	13.11
1258	13.52
1259	17.52
1260	0.09804
1261	17.35
1262	10.14
1263	11.94
1264	16.89
1265	16.99
1266	15.81
1267	18.26
1268	8.365
1269	18.89
1270	4.99
1271	3.953
1272	6.11
1273	4.571
1274	11.8
1275	12.07
1276	5.484
1277	10.01
1278	15.15
1279	4.82
1280	8.256
1281	13.13
1282	12.55
1283	9.207
1284	12.08
1285	8.146
1286	-0.3091
1287	0.7506
1288	17.78
1289	10.18
1290	17.74
1291	23.31
1292	27.31
1293	31.37
1294	4.454
1295	9.914
1296	6.465
1297	8.753
1298	7.386
1299	6.358
1300	29.61
1301	21.67
1302	16.09
1303	7.259
1304	22.35
1305	25.28
1306	6.874
1307	14.17
1308	11.85
1309	4.268
1310	10.46
1311	7.812
1312	8.232
1313	2.049
1314	13.71
1315	8.255
1316	-1.509
1317	0.7025
1318	9.589
1319	10.45
1320	9.297
1321	6.185
1322	10.72
1323	12.94
1324	33.89
1325	12.69
1326	0.03472
1327	13.96
1328	10.56
1329	11.51
1330	7.476
1331	10.72
1332	16.46
1333	17.38
1334	9.125
1335	4.013
1336	12.93
1337	4.91
1338	20.38
1339	6.885
1340	11.93
1341	7.662
1342	10.39
1343	6.612
1344	2.684
1345	17.35
1346	9.936
1347	0.8499
1348	14.76
1349	5.387
1350	17.82
1351	-3.178
1352	12.42
1353	13.99
1354	12.83
1355	8.213
1356	6.93
1357	1.36
1358	3.02
1359	0.9535
1360	7.829
1361	17.02
1362	16.22
1363	7.165
1364	5.928
1365	9.626
1366	19.94
1367	16.07
1368	26.64
1369	21.68
1370	9.792
1371	7.741
1372	4.037
1373	13.93
1374	13.15
1375	16.57
1376	15.59
1377	16.2
1378	5.558
1379	7.212
1380	6.837
1381	10.94
1382	8.321
1383	13.7
1384	15.86
1385	20.07
1386	10.85
1387	-9.034
1388	29.71
1389	16.47
1390	13.99
1391	12.57
1392	10.42
1393	19.93
1394	10.97
1395	13.05
1396	11.75
1397	10.58
1398	6.104
1399	3.36
1400	2.835
1401	11.71
1402	7.39
1403	13.36
1404	5.199
1405	13.08
1406	18.76
1407	17.12
1408	21.53
1409	2.322
1410	9.921
1411	11.5
1412	20.11
1413	12.94
1414	21.3
1415	8.876
1416	24.5
1417	6.57
1418	10.01
1419	14.26
1420	4.679
1421	17.23
1422	25.25
1423	5.04
1424	3.865
1425	6.913
1426	7.193
1427	9.791
1428	23.25
1429	13.2
1430	9.616
1431	7.327
1432	10.67
1433	7.998
1434	7.581
1435	6.834
1436	0.2941
1437	4.7
1438	7.912
1439	12.55
1440	4.983
1441	9.84
1442	14.61
1443	1.034
1444	25.35
1445	14.35
1446	13.51
1447	9.838
1448	2.877
1449	8.522
1450	0.6886
1451	1.93
1452	8.158
1453	2.201
1454	2.021
1455	7.688
1456	23.67
1457	6.107
1458	1.979
1459	13.79
1460	9.353
1461	21.48
1462	14.94
1463	18.68
1464	16.06
1465	14.62
1466	19.67
1467	4.419
1468	6.058
1469	5.907
1470	6.17
1471	5.365
1472	5.056
1473	4.774
1474	4.69
1475	4.913
1476	4.53
1477	4.933
1478	4.309
1479	6.133
1480	4.387
1481	4.258
1482	11.4
1483	19.47
1484	10.12
1485	9.613
1486	10.18
1487	9.639
1488	3.182
1489	1.178
1490	18.22
1491	21.33
1492	9.228
1493	24.57
1494	7.711
1495	8.45
1496	10.85
1497	21.32
1498	15.18
1499	19.39
1500	-1.172
1001	4.847
1002	5.25
1003	10.54
1004	6.457
1005	11.02
1006	24.08
1007	12.41
1008	8.007
1009	23.56
1010	6.872
1011	19.01
1012	13.01
1013	8.938
1014	6.388
1015	6.983
1016	9.113
1017	6.101
1018	7.873
1019	5.461
1020	7.883
1021	2.541
1022	9.124
1023	16.12
1024	8.6
1025	1.751
1026	5.55
1027	4.409
1028	2.954
1029	2.808
1030	2.757
1031	0.3353
1032	-4.281
1033	7.393
1034	0.9988
1035	17.02
1036	8.652
1037	11.34
1038	6.88
1039	4.017
1040	8.781
1041	13.94
1042	20.01
1043	16.36
1044	19.9
1045	16.67
1046	6.052
1047	-9.766
1048	16.31
1049	8.586
1050	20.75
1051	10.44
1052	5.524
1053	7.672
1054	27.0
1055	22.63
1056	-2.425
1057	21.02
1058	9.715
1059	3.964
1060	10.02
1061	8.438
1062	14.57
1063	2.816
1064	8.97
1065	8.338
1066	9.419
1067	-0.3856
1068	10.27
1069	18.91
1070	18.97
1071	3.207
1072	-1.653
1073	35.37
1074	4.257
1075	8.002
1076	8.032
1077	8.065
1078	4.875
1079	7.127
1080	16.45
1081	-2.807
1082	-0.3853
1083	-1.101
1084	2.792
1085	12.73
1086	18.31
1087	16.94
1088	23.73
1089	12.38
1090	10.97
1091	9.721
1092	22.11
1093	18.26
1094	6.565
1095	11.14
1096	11.45
1097	2.069
1098	6.769
1099	5.54
1100	7.744
1101	9.261
1102	8.15
1103	-2.216
1104	4.561
1105	16.59
1106	6.291
1107	7.194
1108	6.245
1109	-0.499
1110	17.35
1111	-0.1307
1112	1.054
1113	1.202
1114	14.15
1115	5.088
1116	3.956
1117	10.61
1118	11.53
1119	14.73
1120	6.039
1121	2.394
1122	3.447
1123	4.767
1124	7.411
1125	11.28
1126	13.13
1127	15.36
1128	-3.845
1129	13.69
1130	3.999
1131	0.1556
1132	14.63
1133	5.347
1134	2.347
1135	7.369
1136	6.14
1137	22.7
1138	-0.7167
1139	5.804
1140	35.68
1141	3.515
1142	7.441
1143	1.382
1144	0.9109
1145	4.023
1146	11.77
1147	24.28
1148	12.25
1149	-7.936
1150	3.851
1151	10.94
1152	9.467
1153	24.11
1154	11.42
1155	13.62
1156	4.109
1157	11.88
1158	4.399
1159	5.746
1160	4.693
1161	16.73
1162	4.986
1163	19.6
1164	13.86
1165	12.55
1166	7.836
1167	-5.579
1168	7.941
1169	8.276
1170	6.883
1171	6.816
1172	5.641
1173	6.558
1174	5.64
1175	12.06
1176	10.65
1177	7.165
1178	15.31
1179	28.9
1180	10.6
1181	-5.116
1182	5.899
1183	4.814
1184	22.57
1185	9.926
1186	2.365
1187	5.716
1188	5.634
1189	3.892
1190	8.359
1191	16.52
1192	13.3
1193	7.867
1194	14.29
1195	13.02
1196	22.41
1197	20.22
1198	16.66
1199	9.134
1200	-2.628
1201	8.105
1202	8.978
1203	6.329
1204	4.611
1205	4.158
1206	9.148
1207	15.7
1208	0.6194
1209	0.1874
1210	3.384
1211	0.7894
1212	0.4797
1213	0.8655
1214	17.79
1215	10.84
1216	11.73
1217	11.45
1218	11.98
1219	11.92
1220	12.23
1221	17.31
1222	28.22
1223	12.0
1224	10.07
1225	4.938
1226	-11.71
1227	-2.478
1228	19.83
1229	22.04
1230	26.88
1231	9.552
1232	1.568
1233	9.114
1234	8.948
1235	-0.8443
1236	10.86
1237	18.48
1238	9.099
1239	5.212
1240	5.206
1241	2.853
1242	18.89
1243	-3.582
1244	14.92
1245	14.55
1246	6.197
1247	12.3
1248	-1.804
1249	6.989
1250	4.689
1251	5.619
1252	10.29
1253	7.151
1254	18.75
1255	4.655
1256	10.24
1257	8.159
1258	10.86
1259	19.11
1260	7.815
1261	3.526
1262	15.21
1263	14.36
1264	-3.173
1265	14.38
1266	6.157
1267	15.56
1268	9.852
1269	-4.096
1270	10.71
1271	5.89
1272	1.589
1273	0.1964
1274	10.22
1275	8.506
1276	11.08
1277	16.39
1278	18.57
1279	1.218
1280	1.747
1281	6.918
1282	6.249
1283	3.298
1284	5.883
1285	-6.461
1286	-2.705
1287	18.03
1288	26.21
1289	9.685
1290	12.56
1291	17.77
1292	-16.28
1293	23.19
1294	15.35
1295	16.13
1296	6.52
1297	7.361
1298	7.205
1299	-3.427
1300	-15.08
1301	17.67
1302	6.909
1303	9.133
1304	1.109
1305	5.881
1306	14.79
1307	25.17
1308	1.921
1309	-9.114
1310	11.41
1311	8.65
1312	4.601
1313	7.366
1314	20.03
1315	9.702
1316	-1.553
1317	-7.659
1318	13.03
1319	7.649
1320	8.919
1321	10.59
1322	10.18
1323	6.014
1324	15.49
1325	14.9
1326	-3.032
1327	14.86
1328	10.03
1329	7.105
1330	6.395
1331	9.069
1332	-2.444
1333	21.34
1334	13.62
1335	5.406
1336	11.97
1337	10.96
1338	-2.968
1339	-2.561
1340	2.872
1341	6.519
1342	11.34
1343	14.56
1344	15.77
1345	0.8206
1346	-5.511
1347	2.92
1348	9.343
1349	6.219
1350	8.991
1351	10.01
1352	6.529
1353	12.7
1354	13.36
1355	9.022
1356	7.573
1357	0.6393
1358	6.18
1359	-2.453
1360	29.95
1361	16.35
1362	15.52
1363	10.99
1364	4.729
1365	13.71
1366	9.92
1367	15.11
1368	10.5
1369	10.82
1370	16.19
1371	7.331
1372	3.603
1373	23.02
1374	8.563
1375	16.38
1376	16.04
1377	17.67
1378	1.553
1379	3.131
1380	11.57
1381	28.45
1382	18.67
1383	0.503
1384	-3.209
1385	6.646
1386	18.2
1387	-3.253
1388	15.49
1389	3.413
1390	9.374
1391	12.8
1392	3.389
1393	3.314
1394	10.75
1395	13.42
1396	13.3
1397	7.936
1398	8.958
1399	3.471
1400	6.223
1401	8.685
1402	5.402
1403	6.681
1404	6.398
1405	19.26
1406	12.08
1407	16.85
1408	10.81
1409	8.034
1410	9.657
1411	12.41
1412	15.88
1413	-20.88
1414	21.87
1415	1.733
1416	4.508
1417	8.751
1418	2.184
1419	7.359
1420	7.793
1421	-18.55
1422	-8.925
1423	-9.091
1424	1.563
1425	5.615
1426	6.652
1427	5.8
1428	8.59
1429	13.54
1430	12.18
1431	2.875
1432	6.253
1433	8.034
1434	8.992
1435	9.47
1436	-2.299
1437	3.043
1438	5.834
1439	16.23
1440	7.571
1441	10.45
1442	4.766
1443	7.403
1444	6.795
1445	-4.283
1446	26.81
1447	7.647
1448	0.7589
1449	7.92
1450	1.391
1451	-1.51
1452	6.89
1453	3.44
1454	3.665
1455	-0.9846
1456	4.39
1457	1.403
1458	8.778
1459	15.77
1460	11.2
1461	7.774
1462	9.965
1463	20.03
1464	17.45
1465	14.21
1466	11.52
1467	10.9
1468	7.588
1469	5.726
1470	5.052
1471	5.072
1472	5.267
1473	4.381
1474	5.274
1475	5.552
1476	4.415
1477	4.489
1478	4.426
1479	5.296
1480	5.602
1481	4.693
1482	6.64
1483	18.66
1484	6.62
1485	9.455
1486	10.91
1487	10.2
1488	8.497
1489	-8.789
1490	4.533
1491	11.99
1492	-3.023
1493	-12.47
1494	3.184
1495	9.124
1496	30.56
1497	10.42
1498	14.69
1499	20.71
1500	0.7768
