-0.622585 0.14889 0.0104857 0.42508 -0.309078 0.305334 0.378969 0.397627 -0.493593 
1.17897 -0.0329479 0.213505 0.101434 1.0819 0.232163 -0.03697 -0.152694 1.18995 
-1.78167 -0.0570476 0.0492831 -0.295855 -1.77431 -0.0664409 -0.0494022 0.0736816 -1.42153 
0.837781 -0.499217 -0.101255 -0.0415153 0.626247 0.0218287 0.0648154 -0.269802 1.13054 
0.202346 -0.0592306 -0.156095 -0.56127 0.0351493 -0.490713 -0.163308 0.00411345 0.336246 
-1.75059 -0.441951 -0.579866 0.0167752 -1.87447 -0.412445 -0.0800896 -0.371395 -2.10925 
1.64007 0.194129 -0.0471251 -0.468572 1.72016 -0.33843 -0.606487 -0.235091 1.34099 
-1.16837 -0.152253 -0.564873 -0.134865 -0.442962 -0.193477 -0.376119 -0.0221107 -1.09684 
-1.51536 -0.414808 -0.0045644 -0.0590065 -1.16315 0.349444 -0.471627 -0.47342 -1.16552 
-0.885901 0.108444 0.123829 0.225148 -0.412908 0.418678 0.179037 0.357182 -0.443634 
1.97734 0.196093 0.199397 0.227262 1.98349 0.218055 0.088858 0.0763467 1.84839 
-1.82661 -0.00383937 -0.000534965 0.186816 -1.66098 0.177609 0.202201 0.18969 -1.64229 
-0.334488 0.101175 -0.0184786 -0.191625 -0.273135 -0.134203 0.0548277 0.231904 -0.146336 
-1.73514 0.227003 0.107349 0.0374151 -1.57057 0.094838 0.0407195 0.217796 -1.68692 
-0.474783 -0.0885239 -0.330109 -0.300292 -0.0168476 -0.207025 -0.193961 0.140891 -0.152101 
0.257747 0.015706 -0.225879 -0.142069 0.769675 -0.048802 -0.261723 0.0731289 0.408437 
1.54822 -0.0952047 0.226276 -0.504871 1.28865 -0.108342 -0.106909 -0.0318607 2.00809 
-0.023921 -0.353981 -0.0325006 -0.094178 0.385979 0.302351 -0.335763 -0.260714 0.465875 
-1.65213 -0.204882 -0.239642 -0.280279 -1.24189 -0.0722208 -0.377144 -0.134326 -1.37352 
-0.0324546 -0.148484 -0.183243 -0.316253 0.285412 -0.108195 0.00522719 0.248045 0.572133 
-0.26733 0.0086534 0.108211 -0.222448 -0.618838 -0.183094 -0.360363 -0.420567 -0.657196 
-1.41162 -0.288401 -0.188844 0.0146209 -1.22901 0.0539743 -0.0201388 -0.0803426 -1.16421 
-2.33717 -0.433653 -0.103357 -0.0792255 -1.94881 0.268039 -0.320479 -0.303511 -1.85976 
-0.253439 -0.187529 0.142768 -0.264701 -0.296674 0.082564 -0.165143 -0.148175 0.13318 
1.21162 -0.321764 -0.283326 0.0142868 1.58358 0.0706819 -0.398334 -0.380376 1.2094 
0.450324 -0.266124 -0.227687 -0.267114 0.48525 -0.210718 0.0631831 0.0811405 0.853984 
-0.748346 -0.294765 -0.266514 -0.418258 -0.628439 -0.268307 -0.00801471 0.113685 -0.189945 
-0.443685 -0.221472 -0.193221 -0.325214 -0.304028 -0.175263 -0.286777 -0.165077 -0.237339 
-2.10611 -0.166752 -0.309083 -0.103411 -1.81316 -0.130939 -0.0880261 0.0267773 -1.9401 
-1.5701 0.0206819 -0.0275951 0.145969 -1.72041 -0.0401064 0.149274 0.0114749 -1.76538 
0.36372 -0.269546 -0.317823 -0.0169437 0.340725 -0.203019 -0.159274 -0.297073 0.150117 
0.387937 -0.181143 -0.0706766 0.306625 0.254322 0.1064 0.186972 -0.12372 0.245135 
-1.31074 -0.0725889 0.0378774 0.100304 -1.75923 -0.0999212 0.0520273 -0.258664 -1.69705 
-1.94587 -0.0147727 -0.00234998 0.267826 -1.55877 0.332502 0.0262413 0.0784944 -1.78793 
-0.208703 0.433922 0.446345 0.070977 -0.467141 0.135653 0.181443 0.233696 -0.344252 
1.44654 -0.398695 -0.141607 -0.3047 1.50264 -0.066559 0.0167808 -0.00216612 2.08121 
1.41585 -0.0366913 0.220396 0.0345087 1.44915 0.27265 0.0469314 0.0279845 1.71866 
-0.202122 -0.317431 -0.093363 0.21895 -0.252867 0.149455 0.184191 -0.109373 -0.063559 
0.456637 -0.305878 -0.0818094 -0.0312612 0.144127 -0.100756 0.225826 -0.0677368 0.625283 
0.423928 -0.272558 0.126308 -0.00806133 0.0390238 0.0661041 0.0914959 -0.233204 0.537447 
-1.0776 -0.0682283 0.330637 -0.0370915 -1.69587 0.037074 0.186977 -0.137723 -1.07293 
-0.377924 -0.0471523 -0.0515324 0.0682745 -0.459415 -0.0345642 0.398571 0.300112 -0.133498 
1.11385 0.209487 0.205107 -0.0167544 0.690692 -0.119593 0.382111 0.283652 1.08518 
-1.48542 -0.117783 -0.194519 -0.147178 -1.42011 -0.176561 -0.10874 -0.0613884 -1.45841 
-0.557626 0.217605 0.140869 0.0717939 -0.608733 0.0424108 0.0674139 0.114766 -0.689848 
-0.765823 -0.227803 -0.00846616 0.155749 -0.905975 0.113234 0.184001 -0.0778516 -0.658388 
1.45066 -0.0497664 0.16957 0.259438 1.23615 0.216922 0.182703 -0.0791496 1.37876 
1.66804 -0.444566 -0.384845 0.112687 1.3404 -0.270041 -0.0296434 -0.472093 1.25779 
-0.429987 0.233101 0.188164 -0.248823 -0.223661 0.0503652 -0.2971 0.0470251 -0.316874 
-1.062 0.362732 0.317795 -0.423844 -1.16032 -0.124655 -0.364122 -0.0199971 -1.14554 
1.72658 0.407712 0.240244 -0.13013 1.64304 -0.0704473 -0.0196639 0.207487 1.58604 
1.41748 0.058585 -0.108883 0.175559 1.98876 0.235242 0.130623 0.357773 1.77635 
1.7419 0.306182 0.168906 0.367488 1.7851 0.221159 0.37991 0.370858 1.66025 
0.853879 0.105075 -0.0322012 0.341278 1.07198 0.194949 0.17381 0.164758 0.767233 
-1.54701 0.0238691 0.0475982 -0.0288304 -1.53221 0.0286513 0.228257 0.26201 -1.25139 
1.73287 0.356848 0.380577 0.314043 1.75757 0.371525 0.176767 0.210519 1.64403 
-1.18419 0.289938 0.242765 -0.269385 -1.21199 -0.050798 -0.0453168 0.220443 -1.0351 
0.333612 0.292369 0.245196 0.0603617 0.633124 0.278949 0.0840908 0.34985 0.609681 
1.19919 -0.0752347 -0.105869 -0.0515167 0.526071 -0.430569 0.347349 -0.00106929 0.894302 
0.606893 -0.307528 -0.338163 0.30665 0.524235 -0.0724032 0.259477 -0.0889413 0.446428 
0.104508 0.438645 0.0793522 0.327319 0.0189173 -0.0191064 0.322939 0.335807 -0.344756 
0.719764 0.403883 0.04459 0.0425973 0.384214 -0.303828 0.0119628 0.0248305 -0.00571401 
-1.38471 0.184213 0.0727366 0.20359 -1.30938 0.120089 0.126855 0.154829 -1.4976 
0.116372 0.439738 0.328262 0.424631 0.157215 0.341129 0.0653377 0.0933123 -0.313555 
1.07991 0.375451 -0.0265202 -0.0962611 1.02792 -0.288372 0.123075 0.332935 0.845287 
-1.66976 0.319603 -0.0823679 0.137718 -1.43192 -0.0543934 0.0262419 0.236101 -1.94537 
-0.630672 -0.00659938 -0.0270753 -0.282949 -1.23922 -0.469525 -0.223227 -0.389328 -1.19998 
-1.41365 -0.362898 -0.23161 0.403652 -1.49195 0.112515 0.358715 -0.06371 -1.4056 
2.06224 -0.222003 -0.0907153 0.0343208 1.47371 -0.256816 0.0138448 -0.40858 1.58452 
-0.875239 -0.062181 0.0487424 0.280239 -0.763358 0.275893 0.112771 -0.00249818 -0.819902 
1.74885 0.165911 0.276835 -0.141244 1.21115 -0.14559 -0.00995624 -0.125226 1.45336 
1.97633 0.216641 -0.0549491 0.26474 1.91013 -0.0640013 0.127463 0.0703125 1.50126 
-0.743613 0.155602 -0.115988 0.0974834 -0.916033 -0.231257 0.208407 0.151256 -1.0767 
-0.983092 0.400847 0.0763467 0.0802345 -0.594975 0.110099 0.103964 0.458328 -0.895746 
-0.253416 0.351543 0.027043 -0.0599725 0.043798 -0.0301077 -0.331563 0.0228023 -0.552292 
-0.970695 -0.310789 -0.164061 0.193914 -0.943879 0.101699 0.146741 -0.0922025 -0.844322 
-0.696089 -0.290917 -0.144188 0.302392 -0.580668 0.210177 -0.0221085 -0.261052 -0.758439 
0.409094 -0.037453 -0.0452167 -0.403051 0.0778553 -0.393635 -0.433685 -0.416506 0.0394571 
-0.0841229 -0.150189 -0.157953 -0.406312 -0.305887 -0.396896 -0.259583 -0.242403 -0.166922 
-0.939586 0.186038 0.202079 0.13432 -0.862133 0.214947 -0.224973 -0.160388 -1.20538 
-0.34926 -0.25961 -0.243569 -0.307016 -0.267495 -0.226389 -0.31478 -0.250194 -0.259217 
-1.77056 0.314363 0.204589 0.0682537 -1.46851 0.232563 -0.0432223 0.230861 -1.68976 
-0.804832 0.0240518 -0.0857224 -0.185446 -0.466162 -0.0211369 -0.169405 0.104679 -0.559895 
0.106124 -0.185761 0.234738 0.0553945 0.284688 0.444597 -0.346576 -0.377872 0.303216 
-1.93813 -0.255225 0.165273 0.0501545 -1.69535 0.439357 -0.0596198 -0.0909159 -1.38462 
-1.31255 0.135681 0.276453 0.0201602 -1.52923 0.110353 -0.000315769 -0.0508953 -1.40894 
-0.273121 0.3677 0.388257 -0.369174 -0.381098 -0.0341679 -0.237886 0.0765627 -0.229252 
-1.91558 0.353539 0.374096 -0.0114893 -1.65171 0.323517 0.129283 0.443731 -1.49038 
-0.0279155 0.254781 -0.0064348 -0.167612 0.163939 -0.121704 -0.0566882 0.250435 0.013646 
-0.398672 0.0268516 -0.234364 0.0341767 0.2229 0.0800842 0.0547341 0.361858 -0.0177587 
1.72023 -0.0946496 -0.0703639 0.21842 1.29286 -0.127515 -0.0531705 -0.42339 1.04556 
-0.0824635 -0.359745 -0.335459 0.317599 -0.14556 -0.0283354 0.0563828 -0.313837 -0.38249 
-1.19781 -0.134337 -0.0381281 0.45454 -1.07796 0.316237 0.13004 -0.104472 -1.30625 
2.10369 0.144056 0.240264 0.00834691 1.49896 -0.129956 0.0326326 -0.201879 1.61946 
-0.0339102 -0.175603 -0.0938366 -0.210434 -0.476966 -0.33278 -0.0637052 -0.267817 -0.248471 
-0.82864 -0.0234547 0.0583114 -0.053854 -1.26726 -0.1762 0.0423545 -0.161757 -1.08929 
0.755848 -0.38845 -0.179528 -0.333341 0.735098 -0.162349 -0.341105 -0.379034 0.936256 
0.160591 -0.192573 0.0163493 -0.358755 -0.0814504 -0.187763 -0.276989 -0.314918 0.209238 
-1.59565 0.0339292 -0.253564 -0.160658 -1.2719 -0.188978 -0.144616 0.114556 -1.54335 
-0.196637 0.0076044 -0.279889 -0.289498 0.0246055 -0.317818 -0.080576 0.178597 -0.0539657 
-1.30418 -0.311559 -0.366034 0.0835681 -1.15114 -0.0919499 -0.0262062 -0.14725 -1.31539 
-0.887758 -0.28677 -0.341245 0.0934455 -0.749629 -0.0820725 -0.194048 -0.315091 -1.0916 
-1.38529 -0.0361143 -0.109374 0.0950088 -1.579 -0.14067 0.515508 0.353088 -1.23177 
-1.74133 -0.00270069 -0.0759606 0.0386752 -2.02479 -0.197004 -0.0157994 -0.178219 -2.15252 
-1.73796 0.235472 0.249786 0.149228 -1.75288 0.199207 0.29 0.325664 -1.59779 
-0.245032 -0.291411 -0.322662 0.233387 -0.140933 -0.00821347 0.253945 0.0435948 -0.151627 
1.33922 -0.130694 -0.161945 0.11532 1.16454 -0.12628 0.129635 -0.0807153 1.1476 
0.969451 0.0468686 -0.135683 0.38566 1.24491 0.17144 0.124444 0.0927761 0.801139 
1.15597 0.246079 0.063527 0.0673968 0.913953 -0.146823 0.036146 0.00447841 0.70015 
0.156153 -0.0497312 0.139435 -0.410364 -0.223654 -0.230785 -0.386079 -0.395665 -0.0102018 
-0.87063 0.0183296 0.207496 -0.00375132 -0.911884 0.175829 -0.186303 -0.19589 -0.90527 
-0.209205 0.417166 0.0851699 -0.0394556 -0.221606 -0.149341 0.0567529 0.278863 -0.457394 
0.55538 -0.00154511 -0.333541 -0.233242 0.767904 -0.343128 -0.0440759 0.178035 0.625074 
1.20673 -0.219992 -0.190953 -0.241303 0.819821 -0.395065 -0.159536 -0.342338 0.930627 
0.846246 -0.205594 -0.176554 0.199318 0.885555 0.0455562 -0.132678 -0.315479 0.582598 
0.0642165 0.0726839 -0.260588 -0.138694 0.199735 -0.298518 0.070228 0.243676 0.0753847 
0.158218 0.190136 -0.143136 -0.166113 0.148864 -0.325937 -0.137074 0.0363739 -0.155368 
-2.26468 -0.189872 0.0744887 -0.0306744 -1.90553 0.333661 -0.318167 -0.218192 -1.92866 
1.12797 -0.0390675 0.225293 0.0344051 1.40139 0.398741 -0.298867 -0.198892 1.33248 
-0.696776 0.10301 -0.275975 -0.328492 -0.50736 -0.397018 -0.382967 -0.0725076 -0.94082 
-1.10369 -0.0211095 -0.400095 -0.231593 -0.693254 -0.300119 0.0327668 0.343226 -0.807879 
1.58694 0.13112 -0.0333817 -0.0171583 1.41038 -0.195801 -0.0904182 -0.104559 1.17262 
1.35855 -0.236047 -0.400549 0.0885528 1.65487 -0.0900899 -0.290432 -0.304573 1.11138 
1.82951 0.196425 0.053101 0.147464 1.9498 0.0887656 0.161778 0.246404 1.82079 
-0.0941718 0.214863 0.129988 -0.270281 -0.0297275 -0.0803614 -0.301531 -0.0267373 -0.145853 
1.61374 0.247007 0.162132 0.0568389 1.97316 0.246758 -0.0864855 0.188309 1.74496 
-1.32864 0.251798 0.194239 0.206171 -1.34635 0.162571 0.0236186 0.0375785 -1.58646 
1.45084 -0.0858793 -0.143439 0.174955 1.73959 0.131355 0.0900801 0.10404 1.59716 
-0.86001 -0.260093 -0.340983 0.0226296 -1.16191 -0.35057 0.211796 -0.0805128 -1.05363 
1.13521 -0.0501706 -0.131061 0.256098 0.85686 -0.117102 0.198538 -0.0937704 0.718409 
1.04346 -0.065177 -0.12532 -0.0251672 1.44767 0.096791 -0.357164 -0.175063 1.05553 
0.234145 0.190695 0.130552 -0.283715 0.123937 -0.161757 -0.364606 -0.182505 -0.0170964 
1.54196 -0.232003 0.0644005 -0.210167 1.15452 -0.118401 -0.181127 -0.385765 1.47996 
0.745279 -0.456489 -0.160085 -0.06975 0.722742 0.0220156 -0.129893 -0.33453 0.959002 
-0.167568 -0.215605 0.133438 0.187387 -0.223664 0.306886 -0.145885 -0.375429 -0.207893 
-1.20793 -0.259658 0.0893846 -0.234752 -1.64211 -0.115253 0.0616517 -0.167893 -0.996663 
0.35481 -0.0442448 0.0691129 0.0298487 0.480667 0.169088 0.294209 0.320091 0.858385 
-1.6581 0.108737 0.222095 -0.146689 -1.86177 -0.00744932 0.202354 0.228236 -1.39936 
-1.36435 -0.207839 -0.063785 0.0281205 -0.97939 0.246674 -0.350865 -0.276365 -1.21432 
0.744005 0.0536029 0.197657 0.00498512 0.844387 0.223539 0.118343 0.192843 1.1018 
1.84303 -0.288972 -0.108424 0.129448 1.39633 -0.122565 -0.0350543 -0.467615 1.41237 
-1.19252 -0.349405 -0.168856 0.157656 -1.55059 -0.0943566 0.30171 -0.130851 -1.22598 
-0.952945 0.318503 -0.0988288 0.0894333 -0.554623 -0.0142027 -0.0538911 0.259805 -1.11528 
-1.85621 -0.0297129 -0.0812794 -0.0262234 -1.31011 0.193515 -0.111098 0.160206 -1.44655 
-1.59114 0.00288148 -0.048685 0.0452725 -1.00614 0.265011 -0.372059 -0.100754 -1.47504 
-1.62878 -0.0139882 0.112043 0.0777497 -1.6926 0.126003 0.0201901 -0.0575879 -1.62413 
1.62687 -0.215167 -0.0891357 0.133916 1.82039 0.182169 0.0823496 0.00457161 1.89486 
0.987439 0.171871 0.0516746 -0.285734 0.860426 -0.240634 -0.366625 -0.201329 0.659339 
-0.459187 -0.00647725 -0.126674 -0.249551 -0.371669 -0.204452 -0.12352 0.0417756 -0.365834 
1.05584 -0.312411 -0.45488 0.0557174 1.05192 -0.272779 -0.00442519 -0.190453 0.849305 
-0.863789 -0.31443 -0.456899 0.0368936 -0.884521 -0.291603 -0.0833029 -0.269331 -1.14719 
-0.325693 -0.0813562 -0.154987 -0.465634 -0.35069 -0.359625 -0.169231 0.0104094 -0.127918 
0.528347 0.0441112 -0.0295198 -0.321557 0.521959 -0.215548 -0.464025 -0.284385 0.305859 
1.07795 0.18023 -0.053424 -0.194257 0.993352 -0.282968 0.154786 0.299728 1.10874 
-1.9578 -0.0506527 -0.284306 -0.0159548 -1.63322 -0.104666 -0.0895858 0.0553563 -1.94051 
-0.603827 0.0352053 0.17949 0.307231 -0.824089 0.205372 0.420589 0.174445 -0.566446 
-1.39775 -0.0123628 0.131922 0.378723 -1.49895 0.276864 0.14507 -0.101074 -1.58832 
-1.64368 -0.357142 -0.362228 0.056904 -1.90873 -0.287728 0.200958 -0.138588 -1.76976 
0.168539 -0.0548958 -0.0599822 0.0385063 -0.417151 -0.306126 0.182791 -0.156755 -0.277952 
-1.29289 -0.0367548 0.22566 -0.149709 -2.04506 -0.206901 0.0308395 -0.288767 -1.6021 
-1.35151 -0.137507 0.124908 -0.157446 -2.01066 -0.214638 -0.162532 -0.482139 -1.75334 
-1.30879 -0.219796 -0.27513 0.179482 -1.08068 0.038566 -0.237849 -0.323432 -1.55334 
-1.33136 -0.424851 -0.312408 -0.0403171 -1.17329 -0.0411038 -0.0918836 -0.205112 -1.11241 
1.78565 -0.290641 -0.178199 -0.262995 1.58684 -0.263781 -0.318328 -0.431557 1.64395 
0.970575 0.280351 0.0205169 -0.0992174 1.19459 -0.0572611 0.0268134 0.328604 1.06078 
-0.163245 0.106118 -0.153716 -0.308902 0.0253169 -0.266945 -0.196459 0.105331 -0.122075 
-0.810908 0.0956843 -0.263454 -0.154823 -0.229809 -0.0981576 -0.27502 0.140784 -0.709143 
-1.40181 0.246018 -0.11312 0.132005 -0.684219 0.188671 -0.127829 0.287974 -1.30319 
-0.954866 -0.00215689 0.0429215 -0.0577044 -1.27137 -0.143106 -0.200173 -0.330653 -1.36876 
-1.19252 -0.193874 -0.148795 0.35241 -0.907199 0.267008 -0.00672772 -0.137208 -1.22126 
0.562893 -0.253806 -0.519001 -0.30207 0.970437 -0.339361 -0.375701 -0.147797 0.631611 
-2.06655 0.0100467 -0.255149 -0.348338 -1.96912 -0.385629 -0.30326 -0.0753554 -2.18924 
-1.0427 -0.253253 -0.178902 0.447865 -1.45394 -0.0339604 0.214212 -0.341964 -1.61324 
1.95096 -0.539368 -0.465017 0.244712 1.62269 -0.237113 -0.0204833 -0.576659 1.43185 
0.124379 -0.0182446 0.181019 0.0232191 -0.409372 -0.065125 0.167504 -0.120103 -0.0658237 
-0.733769 0.0508974 0.250161 -0.217671 -1.57755 -0.306015 -0.14332 -0.430928 -1.30394 
0.117506 -0.0814221 0.0235754 -0.324051 -0.318957 -0.315971 -0.329137 -0.426055 -0.219046 
1.03393 -0.0967093 0.00828822 -0.2874 0.649401 -0.279319 -0.0881363 -0.185053 0.953662 
0.893071 -0.0296212 0.579598 0.245501 -0.021265 0.259991 0.507916 -0.0868129 0.850369 
-1.10627 -0.196226 0.412992 0.301586 -1.79792 0.316075 0.406583 -0.188146 -1.0837 
0 0 0 
0 0 0 
0 0 0 
0 0 0 
0 0 0 
0 0 0 
0 0 0 
0 0 0 
0 0 0 
0 0 0 
0 0 0 
0 0 0 
0 0 0 
0 0 0 
0 0 0 
0 0 0 
0 0 0 
0 0 0 
0 0 0 
0 0 0 
0 0 0 
0 0 0 
0 0 0 
0 0 0 
0 0 0 
0 0 0 
0 0 0 
0 0 0 
0 0 0 
0 0 0 
0 0 0 
0 0 0 
0 0 0 
0 0 0 
0 0 0 
0 0 0 
0 0 0 
0 0 0 
0 0 0 
0 0 0 
0 0 0 
0 0 0 
0 0 0 
0 0 0 
0 0 0 
0 0 0 
0 0 0 
0 0 0 
0 0 0 
0 0 0 
0 0 0 
0 0 0 
0 0 0 
0 0 0 
0 0 0 
0 0 0 
0 0 0 
0 0 0 
0 0 0 
0 0 0 
0 0 0 
0 0 0 
0 0 0 
0 0 0 
0 0 0 
0 0 0 
0 0 0 
0 0 0 
0 0 0 
0 0 0 
0 0 0 
0 0 0 
0 0 0 
0 0 0 
0 0 0 
0 0 0 
0 0 0 
0 0 0 
0 0 0 
0 0 0 
0 0 0 
0 0 0 
0 0 0 
0 0 0 
0 0 0 
0 0 0 
0 0 0 
0 0 0 
0 0 0 
0 0 0 
0 0 0 
0 0 0 
0 0 0 
0 0 0 
0 0 0 
0 0 0 
0 0 0 
0 0 0 
0 0 0 
0 0 0 
