1 181 182 
2 182 183 
3 183 184 
4 184 185 
5 185 186 
6 186 187 
7 187 188 
8 188 189 
9 189 190 
10 181 191 
11 182 192 
12 191 192 
13 183 193 
14 192 193 
15 184 194 
16 193 194 
17 185 195 
18 194 195 
19 186 196 
20 195 196 
21 187 197 
22 196 197 
23 188 198 
24 197 198 
25 189 199 
26 198 199 
27 190 200 
28 199 200 
29 191 201 
30 192 202 
31 201 202 
32 193 203 
33 202 203 
34 194 204 
35 203 204 
36 195 205 
37 204 205 
38 196 206 
39 205 206 
40 197 207 
41 206 207 
42 198 208 
43 207 208 
44 199 209 
45 208 209 
46 200 210 
47 209 210 
48 201 211 
49 202 212 
50 211 212 
51 203 213 
52 212 213 
53 204 214 
54 213 214 
55 205 215 
56 214 215 
57 206 216 
58 215 216 
59 207 217 
60 216 217 
61 208 218 
62 217 218 
63 209 219 
64 218 219 
65 210 220 
66 219 220 
67 211 221 
68 212 222 
69 221 222 
70 213 223 
71 222 223 
72 214 224 
73 223 224 
74 215 225 
75 224 225 
76 216 226 
77 225 226 
78 217 227 
79 226 227 
80 218 228 
81 227 228 
82 219 229 
83 228 229 
84 220 230 
85 229 230 
86 221 231 
87 222 232 
88 231 232 
89 223 233 
90 232 233 
91 224 234 
92 233 234 
93 225 235 
94 234 235 
95 226 236 
96 235 236 
97 227 237 
98 236 237 
99 228 238 
100 237 238 
101 229 239 
102 238 239 
103 230 240 
104 239 240 
105 231 241 
106 232 242 
107 241 242 
108 233 243 
109 242 243 
110 234 244 
111 243 244 
112 235 245 
113 244 245 
114 236 246 
115 245 246 
116 237 247 
117 246 247 
118 238 248 
119 247 248 
120 239 249 
121 248 249 
122 240 250 
123 249 250 
124 241 251 
125 242 252 
126 251 252 
127 243 253 
128 252 253 
129 244 254 
130 253 254 
131 245 255 
132 254 255 
133 246 256 
134 255 256 
135 247 257 
136 256 257 
137 248 258 
138 257 258 
139 249 259 
140 258 259 
141 250 260 
142 259 260 
143 251 261 
144 252 262 
145 261 262 
146 253 263 
147 262 263 
148 254 264 
149 263 264 
150 255 265 
151 264 265 
152 256 266 
153 265 266 
154 257 267 
155 266 267 
156 258 268 
157 267 268 
158 259 269 
159 268 269 
160 260 270 
161 269 270 
162 261 271 
163 262 272 
164 271 272 
165 263 273 
166 272 273 
167 264 274 
168 273 274 
169 265 275 
170 274 275 
171 266 276 
172 275 276 
173 267 277 
174 276 277 
175 268 278 
176 277 278 
177 269 279 
178 278 279 
179 270 280 
180 279 280 
181 
182 
183 
184 
185 
186 
187 
188 
189 
190 
191 
192 
193 
194 
195 
196 
197 
198 
199 
200 
201 
202 
203 
204 
205 
206 
207 
208 
209 
210 
211 
212 
213 
214 
215 
216 
217 
218 
219 
220 
221 
222 
223 
224 
225 
226 
227 
228 
229 
230 
231 
232 
233 
234 
235 
236 
237 
238 
239 
240 
241 
242 
243 
244 
245 
246 
247 
248 
249 
250 
251 
252 
253 
254 
255 
256 
257 
258 
259 
260 
261 
262 
263 
264 
265 
266 
267 
268 
269 
270 
271 
272 
273 
274 
275 
276 
277 
278 
279 
280 
